1041418800000,1.9
1041505200000,2.48
1041591600000,1.84
1041678000000,1.95
1041764400000,1.6
1041850800000,1.56
1041937200000,2.48
1042023600000,1.83
1042110000000,1.75
1042196400000,1.75
1042282800000,1.75
1042369200000,1.8
1042455600000,1.8
1042542000000,1.85
1042628400000,1.95
1042714800000,2.12
1042801200000,1.95
1042887600000,2
1042974000000,2
1043060400000,1.85
1043146800000,1.85
1043233200000,1.8
1043319600000,1.92
1043406000000,1.85
1043492400000,2
1043578800000,1.9
1043665200000,1.92
1043751600000,1.9
1043838000000,1.83
1043924400000,1.96
1044010800000,1.94
1044097200000,1.95
1044183600000,1.9
1044270000000,1.8
1044356400000,1.85
1044529200000,1.95
1044615600000,1.9
1044702000000,1.95
1044788400000,2.5
1044874800000,3.1
1044961200000,2.9
1045047600000,2
1045134000000,3.22
1045220400000,3.17
1045306800000,3.1
1045393200000,2
1045479600000,1.99
1045566000000,2
1045652400000,1.98
1045738800000,1.98
1045825200000,1.9
1045911600000,1.81
1045998000000,1.5
1046084400000,1.51
1046170800000,1.51
1046257200000,1.84
1046343600000,1.84
1046516400000,1.8
1046602800000,1.82
1046689200000,1.45
1046775600000,1.5
1046862000000,1.8
1046948400000,1.8
1047034800000,1.85
1047121200000,1.77
1047207600000,1.78
1047294000000,1.78
1047380400000,1.75
1047466800000,1.75
1047553200000,1.8
1047639600000,1.87
1047726000000,1.87
1047812400000,1.8
1047898800000,1.83
1047985200000,1.85
1048071600000,1.84
1048158000000,1.86
1048244400000,1.87
1048330800000,1.87
1048503600000,1.9
1048590000000,1.92
1048676400000,2
1048762800000,1.92
1048849200000,1.9
1048935600000,1.9
1049108400000,2
1049194800000,1.87
1049281200000,1.77
1049367600000,1.77
1049454000000,1.62
1049540400000,1.64
1049623200000,1.5
1049709600000,1.88
1049796000000,1.8
1049882400000,1.74
1049968800000,1.72
1050055200000,1.72
1050141600000,1.6
1050228000000,1.58
1050314400000,1.5
1050400800000,1.65
1050487200000,1.65
1050573600000,1.61
1050660000000,1.61
1050746400000,1.58
1050832800000,1.5
1050919200000,1.5
1051005600000,1.5
1051092000000,1.9
1051178400000,1.92
1051264800000,1.92
1051437600000,1.88
1051524000000,1.86
1051610400000,1.9
1051696800000,1.9
1051783200000,1.94
1051869600000,1.91
1051956000000,1.94
1052128800000,1.9
1052215200000,1.91
1052301600000,1.92
1052388000000,1.9
1052474400000,1.88
1052560800000,1.88
1052647200000,1.88
1052733600000,1.88
1052820000000,1.86
1052906400000,1.87
1052992800000,1.86
1053079200000,1.86
1053165600000,1.85
1053252000000,1.8
1053338400000,1.75
1053424800000,1.95
1053511200000,1.95
1053597600000,1.9
1053684000000,1.91
1053770400000,1.75
1053856800000,1.74
1053943200000,1.7
1054029600000,1.8
1054116000000,1.7
1054202400000,1.65
1054288800000,1.67
1054375200000,1.6
1136113200000,1.81
1136156400000,1.75
1136199600000,1.712
1136242800000,1.733
1136286000000,1.913
1136329200000,1.798
1136372400000,1.678
1136415600000,1.68
1136458800000,1.7
1136502000000,1.7
1136545200000,1.895
1136588400000,1.83
1136631600000,1.74
1136674800000,1.785
1136718000000,1.675
1136761200000,1.57
1136804400000,1.572
1136847600000,1.545
1136890800000,1.502
1136934000000,1.505
1136977200000,1.508
1137020400000,1.55
1137063600000,1.59
1137106800000,1.685
1137150000000,1.86
1137193200000,2
1137236400000,2
1137279600000,1.85
1137322800000,1.755
1137366000000,1.828
1137409200000,1.912
1137452400000,1.851
1137495600000,1.656
1137538800000,1.62
1137582000000,1.53
1137625200000,1.558
1137668400000,1.532
1137711600000,1.54
1137754800000,1.505
1137798000000,1.521
1137841200000,1.539
1137884400000,1.55
1137927600000,1.566
1137970800000,1.657
1138014000000,1.632
1138057200000,1.63
1138100400000,1.565
1138143600000,1.535
1138186800000,1.51
1138230000000,1.505
1138273200000,1.521
1138316400000,1.52
1138359600000,1.53
1138402800000,1.53
1138446000000,1.52
1138489200000,1.532
1138532400000,1.54
1138575600000,1.65
1138618800000,1.605
1138662000000,1.658
1138705200000,1.589
1138748400000,1.56
1162378800000,1.002
1162422000000,1.023
1162465200000,1.015
1162508400000,1.022
1162551600000,1.062
1162594800000,1.069
1162638000000,1.075
1162681200000,1.06
1162724400000,1.031
1162767600000,1.012
1162810800000,1.005
1162854000000,1.002
1162897200000,1.018
1162940400000,1.021
1162983600000,1.01
1163026800000,1.01
1163070000000,1.01
1163113200000,1.008
1163156400000,1.002
1163199600000,1.015
1163242800000,1.022
1163286000000,1.025
1163329200000,1.024
1163372400000,1.12
1163415600000,1.125
1163458800000,1.129
1163502000000,1.135
1163545200000,1.12
1163588400000,1.119
1163631600000,1.108
1163674800000,1.11
1163718000000,1.102
1163761200000,1.102
1163804400000,1.125
1163847600000,1.112
1163890800000,1.123
1163934000000,1.121
1163977200000,1.13
1164020400000,1.108
1164063600000,1.109
1164106800000,1.11
1164150000000,1.105
1164193200000,1.1
1164236400000,1.1
1164279600000,1.1
1164322800000,1.1
1164366000000,1.1
1164409200000,1.102
1164452400000,1.11
1164495600000,1.105
1164538800000,1.1
1164582000000,1.121
1164625200000,1.13
1164668400000,1.12
1164711600000,1.115
1164754800000,1.12
1164798000000,1.106
1164841200000,1.15
1164884400000,1.2
1164927600000,1.3
1164970800000,1.46
1165014000000,1.342
1165057200000,1.28
1165100400000,1.29
1165143600000,1.39
1165186800000,1.65
1165230000000,1.539
1165273200000,1.502
1165316400000,1.512
1165359600000,1.453
1165402800000,1.46
1165446000000,1.375
1165489200000,1.38
1165532400000,1.28
1165575600000,1.228
1165618800000,1.205
1165662000000,1.21
1165705200000,1.362
1165748400000,1.456
1165791600000,1.46
1165834800000,1.36
1165878000000,1.31
1165921200000,1.279
1165964400000,1.287
1166007600000,1.201
1166050800000,1.223
1166094000000,1.295
1166137200000,1.219
1166180400000,1.202
1166223600000,1.2
1166266800000,1.213
1166310000000,1.53
1166353200000,1.36
1166396400000,1.415
1166439600000,1.498
1166482800000,1.562
1166526000000,1.631
1166569200000,1.697
1166612400000,2.012
1166655600000,1.92
1166698800000,1.668
1166742000000,1.865
1166785200000,2.146
1166828400000,2.452
1166871600000,2.5
1166914800000,2.254
1166958000000,2.12
1167001200000,2.4
1167044400000,2.005
1167087600000,2.003
1167130800000,2.42
1167174000000,2.26
1167217200000,2
1167260400000,2.901
1167303600000,2.7
1167346800000,2.52
1167390000000,2
1167433200000,2.005
1167476400000,2.002
1167519600000,2.001
1167562800000,1.97
1167606000000,1.92
1167649200000,1.81
1167692400000,1.75
1167735600000,1.712
1167778800000,1.733
1167822000000,1.913
1167865200000,1.793
1167908400000,1.678
1167951600000,1.68
1167994800000,1.7
1168038000000,1.7
1168081200000,1.895
1168124400000,1.83
1168167600000,1.74
1168210800000,1.785
1168254000000,1.675
1168297200000,1.57
1168340400000,1.572
1168383600000,1.545
1168426800000,1.502
1168470000000,1.505
1168513200000,1.502
1168556400000,1.508
1168599600000,1.55
1168642800000,1.59
1168686000000,1.685
1168729200000,1.86
1168772400000,2
1168815600000,2
1168858800000,1.85
1168902000000,1.755
1168945200000,1.828
1168988400000,1.712
1169031600000,1.851
1169074800000,1.656
1169118000000,1.62
1169161200000,1.583
1169204400000,1.558
1169247600000,1.532
1169290800000,1.505
1169334000000,1.521
1169377200000,1.539
1169420400000,1.55
1169463600000,1.566
1169506800000,1.657
1169550000000,1.632
1169593200000,1.63
1169636400000,1.565
1169679600000,1.535
1169722800000,1.51
1169766000000,1.505
1169809200000,1.521
1169852400000,1.52
1169895600000,1.53
1169938800000,1.53
1169982000000,1.52
1170025200000,1.532
1170068400000,1.54
1170111600000,1.65
1170154800000,1.605
1170198000000,1.658
1170241200000,1.589
1170284400000,1.56
1175421600000,3.037
1175464800000,2.901
1175508000000,2.465
1175551200000,2.31
1175594400000,2.242
1175637600000,2.256
1175680800000,2.192
1175724000000,2.2
1175767200000,2.205
1175810400000,2.19
1175853600000,2.173
1175896800000,2.185
1175940000000,2.17
1175983200000,2.182
1176026400000,2.197
1176069600000,2.203
1176112800000,2.29
1176156000000,2.372
1176199200000,2.365
1176242400000,2.375
1176285600000,2.394
1176328800000,2.4
1176372000000,2.4
1176415200000,2.45
1176458400000,2.348
1176501600000,2.37
1176544800000,2.392
1176588000000,2.3
1176631200000,2.163
1176674400000,2.254
1176717600000,2.392
1176760800000,2.346
1176804000000,2.353
1176847200000,2.365
1176890400000,2.22
1176933600000,2.188
1176976800000,2.15
1177020000000,2.05
1177063200000,2.038
1177106400000,2.074
1177149600000,2.061
1177192800000,2.04
1177236000000,2
1177279200000,2
1177322400000,2
1177365600000,1.99
1177408800000,2
1177452000000,2
1177495200000,2
1177538400000,2
1177581600000,2
1177624800000,2
1177668000000,2
1177711200000,2
1177754400000,2
1177797600000,2
1177840800000,2
1177884000000,1.99
1177927200000,1.99
1177970400000,1.98
1178013600000,1.98
1178056800000,1.98
1178100000000,1.99
1178143200000,1.97
1178186400000,1.98
1178229600000,1.99
1178272800000,1.99
1178316000000,2
1178359200000,2
1178402400000,2
1178445600000,2
1178488800000,1.96
1178532000000,1.94
1178575200000,1.92
1178618400000,1.91
1178661600000,1.91
1178704800000,1.91
1178748000000,1.87
1178791200000,1.83
1178834400000,1.842
1178877600000,1.86
1178920800000,1.96
1178964000000,1.928
1179007200000,1.94
1179050400000,1.93
1179093600000,2
1179136800000,1.998
1179180000000,1.998
1179223200000,2
1179266400000,2
1179309600000,2
1179352800000,2
1179396000000,2
1179439200000,2
1179482400000,2
1179525600000,2
1179568800000,1.999
1179612000000,1.998
1179655200000,1.9
1179698400000,1.892
1179741600000,1.88
1179784800000,1.864
1179828000000,1.855
1179871200000,1.812
1179914400000,1.761
1179957600000,1.825
1180000800000,1.88
1180044000000,1.89
1180087200000,1.899
1180130400000,1.9
1180173600000,1.917
1180216800000,1.99
1180260000000,2
1180303200000,2
1180346400000,1.995
1180389600000,1.9
1180432800000,1.85
1180476000000,1.88
1180519200000,1.855
1180562400000,1.91
1180605600000,1.87
1180648800000,1.92
1180692000000,1.92
1180735200000,1.9
1180778400000,1.88
1180821600000,1.9
1180864800000,1.87
1180908000000,1.875
1180951200000,1.9
1180994400000,1.912
1181037600000,1.89
1181080800000,1.871
1181124000000,1.863
1181167200000,1.831
1181210400000,1.724
1181253600000,1.68
1181296800000,1.651
1181340000000,1.7
1181383200000,1.82
1181426400000,1.85
1181469600000,1.89
1181512800000,1.835
1181556000000,1.799
1181599200000,1.8
1181642400000,1.81
1181685600000,1.8
1181728800000,1.789
1181772000000,1.796
1181815200000,1.78
1181858400000,1.81
1181901600000,1.79
1181944800000,1.828
1181988000000,1.8
1182031200000,1.79
1182074400000,1.791
1182117600000,1.788
1182160800000,1.787
1182204000000,1.78
1182247200000,1.78
1182290400000,1.78
1182333600000,1.78
1182376800000,1.79
1182420000000,1.78
1182463200000,1.79
1182506400000,1.78
1182549600000,1.77
1182592800000,1.75
1182636000000,1.785
1182679200000,1.779
1182722400000,1.783
1182765600000,1.778
1182808800000,1.78
1182852000000,1.78
1182895200000,1.77
1182938400000,1.761
1182981600000,1.783
1183024800000,1.76
1183068000000,1.792
1183111200000,1.78
1183154400000,1.8
1183197600000,1.79
1183240800000,1.8
1191232800000,1.78
1191276000000,1.88
1191319200000,1.857
1191362400000,2
1191405600000,1.88
1191448800000,2
1191492000000,1.915
1191535200000,2
1191578400000,1.92
1191621600000,2
1191664800000,1.861
1191708000000,2
1191751200000,2
1191794400000,2
1191837600000,2
1191880800000,2
1191924000000,1.78
1191967200000,1.98
1192010400000,1.92
1192053600000,2
1192096800000,1.85
1192140000000,2
1192183200000,1.87
1192226400000,2
1192269600000,1.9
1192312800000,2
1192528800000,1.868
1192572000000,2
1192615200000,1.78
1192658400000,1.99
1192701600000,2
1192744800000,2
1192788000000,2
1192831200000,2
1192874400000,2
1192917600000,2
1192960800000,2
1193004000000,2
1193047200000,2
1193090400000,2
1193133600000,2
1193176800000,2
1193220000000,2
1193263200000,2
1193306400000,2
1193349600000,2
1193392800000,2
1193436000000,2
1193479200000,1.975
1193522400000,2
1193565600000,2
1193608800000,2
1193652000000,2
1193695200000,2
1193738400000,2
1193781600000,2
1193824800000,2
1193868000000,2
1193911200000,2
1193954400000,2
1193997600000,2
1194040800000,2
1194084000000,2
1194127200000,2
1194174000000,2
1194217200000,2
1194260400000,1.85
1194303600000,1.86
1194346800000,1.842
1194390000000,1.98
1194433200000,1.93
1194476400000,1.95
1194519600000,1.98
1194562800000,2
1194606000000,2
1194649200000,2
1194692400000,2
1194735600000,2
1194778800000,2
1194822000000,2
1194865200000,2
1194908400000,2
1194951600000,2
1194994800000,2
1195038000000,2
1195081200000,2
1195124400000,2
1195167600000,2
1195210800000,1.625
1195254000000,1.65
1195383600000,1.767
1195426800000,1.42
1195470000000,1.4
1195513200000,1.38
1195556400000,1.388
1195599600000,1.62
1195642800000,1.7
1195686000000,1.762
1195729200000,1.75
1195772400000,1.78
1195815600000,1.74
1195858800000,1.77
1195902000000,1.77
1195945200000,1.75
1195988400000,1.74
1196031600000,1.72
1196074800000,1.655
1196118000000,1.54
1196161200000,1.61
1196204400000,1.58
1196247600000,1.65
1196290800000,1.74
1196334000000,1.785
1196377200000,1.74
1196420400000,1.8
1196463600000,1.78
1196506800000,1.785
1196550000000,1.81
1196593200000,1.75
1196636400000,1.655
1196679600000,1.53
1196722800000,1.652
1196766000000,1.745
1196809200000,1.8
1196852400000,1.78
1196895600000,1.82
1196938800000,1.78
1196982000000,1.8
1197025200000,1.785
1197068400000,1.85
1197111600000,1.8
1197154800000,1.79
1197198000000,1.77
1197241200000,1.795
1197284400000,1.71
1197327600000,1.77
1197370800000,1.741
1197414000000,1.83
1197457200000,1.75
1197500400000,1.85
1197543600000,1.765
1197586800000,1.845
1197630000000,1.85
1197673200000,1.862
1197716400000,1.83
1197759600000,1.86
1197802800000,1.84
1197846000000,1.7
1197889200000,1.65
1197932400000,1.52
1197975600000,1.31
1198018800000,1.23
1198062000000,1.34
1198105200000,1.35
1198148400000,1.4
1198191600000,1.42
1198234800000,1.48
1198278000000,1.55
1198321200000,1.695
1198364400000,1.75
1198407600000,1.84
1198450800000,1.86
1198494000000,1.81
1198537200000,1.83
1198580400000,1.8
1198623600000,1.82
1198666800000,1.81
1198710000000,1.93
1198753200000,1.48
1198796400000,1.53
1198839600000,1.5
1198882800000,1.81
1198926000000,1.615
1198969200000,1.74
1199012400000,1.48
1199055600000,1.52
1199098800000,1.43
1199142000000,1.65
1199185200000,1.745
1199228400000,1.76
1199271600000,1.727
1199314800000,1.77
1199358000000,1.575
1199401200000,1.62
1199444400000,1.785
1199487600000,1.83
1199530800000,1.8
1199574000000,1.76
1199617200000,1.89
1199660400000,1.84
1199703600000,1.82
1199746800000,1.852
1199790000000,1.86
1199833200000,1.92
1199876400000,1.855
1199919600000,1.84
1199962800000,1.83
1200006000000,1.8
1200049200000,1.81
1200092400000,1.75
1200135600000,1.7
1200178800000,1.65
1200222000000,1.51
1200265200000,1.55
1200308400000,1.64
1200351600000,1.672
1200394800000,1.65
1200438000000,1.63
1200481200000,1.62
1200524400000,1.58
1200567600000,1.52
1200610800000,1.54
1200654000000,1.57
1200697200000,1.655
1200740400000,1.75
1200783600000,1.85
1200826800000,1.82
1200870000000,1.72
1200913200000,1.775
1200956400000,1.72
1200999600000,1.51
1201042800000,1.642
1201086000000,1.7
1201129200000,1.73
1201172400000,1.74
1201215600000,1.83
1201258800000,1.72
1201302000000,1.85
1201345200000,1.61
1201388400000,1.64
1201431600000,1.69
1201474800000,1.78
1201518000000,1.75
1201561200000,1.685
1201604400000,1.6
1201647600000,1.631
1201690800000,1.61
1201734000000,1.7
1201777200000,1.75
1201820400000,1.92
1217584800000,1.49
1217628000000,1.52
1217671200000,1.465
1217714400000,1.483
1217757600000,1.466
1217800800000,1.52
1217844000000,1.44
1217887200000,1.44
1217930400000,1.33
1217973600000,1.41
1218016800000,1.46
1218060000000,1.46
1218103200000,1.48
1218146400000,1.5
1218189600000,1.47
1218232800000,1.55
1218276000000,1.47
1218319200000,1.45
1218448800000,1.43
1218492000000,1.441
1218535200000,1.413
1218578400000,1.432
1218621600000,1.465
1218664800000,1.47
1218708000000,1.46
1218751200000,1.49
1218794400000,1.48
1218837600000,1.565
1218880800000,1.68
1218924000000,1.65
1218967200000,1.44
1219010400000,1.45
1219053600000,1.46
1219096800000,1.475
1219140000000,1.44
1219183200000,1.65
1219226400000,1.57
1219269600000,1.65
1219312800000,1.77
1219356000000,1.635
1219399200000,1.51
1219442400000,1.53
1219485600000,1.45
1219528800000,1.52
1219572000000,1.435
1219615200000,1.49
1219658400000,1.46
1219701600000,1.42
1219744800000,1.39
1219788000000,1.53
1219831200000,1.464
1219874400000,1.484
1219917600000,1.38
1219960800000,1.423
1220004000000,1.485
1220047200000,1.552
1220090400000,1.48
1220176800000,1.67
1220220000000,1.7
1220263200000,1.68
1220306400000,1.842
1220349600000,1.616
1220392800000,1.75
1220436000000,1.61
1220479200000,1.72
1220522400000,1.62
1220565600000,1.67
1220608800000,1.64
1220652000000,1.852
1220695200000,1.685
1220738400000,1.82
1220781600000,1.74
1220824800000,1.81
1220868000000,1.616
1220911200000,1.72
1220954400000,1.647
1220997600000,1.74
1221040800000,1.62
1221084000000,1.78
1221127200000,1.66
1221170400000,1.81
1221213600000,1.68
1221256800000,1.762
1221300000000,1.685
1221343200000,1.751
1221386400000,1.66
1221429600000,1.753
1221472800000,1.66
1221516000000,1.72
1221559200000,1.662
1221602400000,1.66
1221645600000,1.66
1221688800000,1.72
1221732000000,1.698
1221775200000,1.81
1221818400000,1.74
1221861600000,1.865
1221904800000,1.93
1221948000000,1.96
1221991200000,1.92
1222034400000,1.94
1222077600000,1.76
1222120800000,1.72
1222164000000,1.63
1222207200000,1.77
1222250400000,1.66
1222293600000,1.775
1222336800000,1.73
1222380000000,1.882
1222423200000,1.95
1222466400000,1.98
1222509600000,1.93
1222552800000,1.952
1222596000000,1.931
1222639200000,1.931
1222682400000,1.87
1222725600000,1.743
1222768800000,1.6
1222812000000,1.74
1225533600000,1.91
1225576800000,1.87
1225623600000,1.86
1225666800000,1.743
1225710000000,1.562
1225753200000,1.65
1225796400000,1.76
1225839600000,1.8
1225882800000,1.9
1225926000000,1.87
1225969200000,1.86
1226012400000,1.87
1226055600000,1.84
1226098800000,1.75
1226142000000,1.62
1226185200000,1.72
1226228400000,1.82
1226271600000,1.86
1226314800000,1.79
1226358000000,1.732
1226401200000,1.69
1226444400000,1.76
1226487600000,1.87
1226530800000,1.92
1226574000000,1.895
1226617200000,0
1226660400000,1.93
1226703600000,1.941
1226746800000,1.93
1226790000000,1.9
1226833200000,1.27
1226876400000,1.91
1226919600000,1.9
1226962800000,1.93
1227006000000,1.91
1227049200000,1.95
1227092400000,1.94
1227135600000,1.96
1227178800000,1.923
1227222000000,1.95
1227265200000,1.947
1227524400000,1.95
1227567600000,2
1227610800000,1.95
1227654000000,2
1227697200000,1.97
1227740400000,2
1227783600000,1.93
1227826800000,1.985
1227870000000,1.922
1227913200000,2
1227956400000,2
1227999600000,2.1
1228042800000,1.93
1228086000000,1.88
1228129200000,1.73
1228172400000,1.74
1228215600000,1.73
1228258800000,1.682
1228302000000,1.56
1228345200000,1.75
1228388400000,1.95
1228431600000,1.86
1228474800000,1.79
1228518000000,1.72
1228561200000,0
1228604400000,0
1228647600000,1.48
1228690800000,1.81
1228734000000,1.785
1228777200000,1.83
1228820400000,1.615
1228863600000,1.73
1228906800000,1.68
1228950000000,1.72
1228993200000,1.8
1229036400000,1.81
1229079600000,1.795
1229122800000,1.82
1229166000000,0
1229209200000,0
1229252400000,1.73
1229295600000,1.77
1229338800000,1.56
1229382000000,2
1229425200000,2.02
1229468400000,2
1229511600000,2
1229554800000,1.9
1229598000000,1.75
1229641200000,1.85
1229684400000,1.81
1229727600000,2.24
1229770800000,2.15
1229814000000,1.95
1229857200000,1.57
1229900400000,1.562
1229943600000,1.55
1229986800000,1.5
1230030000000,1.445
1230073200000,1.686
1230116400000,1.63
1230159600000,1.76
1230202800000,1.872
1230246000000,1.9
1230289200000,1.885
1230332400000,1.9
1230375600000,1.92
1230418800000,1.93
1230462000000,1.9
1230505200000,2
1230548400000,1.92
1230591600000,1.87
1230634800000,1.75
1230678000000,1.86
1230721200000,1.82
1230764400000,1.94
1230807600000,1.905
1230850800000,1.905
1230894000000,1.87
1230937200000,1.99
1230980400000,1.96
1231023600000,1.98
1231066800000,1.98
1231110000000,1.98
1231153200000,1.98
1231196400000,2
1231239600000,1.97
1231282800000,2.15
1231326000000,1.97
1231369200000,1.94
1231412400000,1.88
1231455600000,1.92
1231498800000,1.91
1231542000000,1.94
1231585200000,1.91
1231628400000,1.92
1231671600000,1.9
1231714800000,1.76
1231758000000,1.6
1231801200000,1.73
1231844400000,1.85
1231887600000,1.97
1231930800000,1.918
1231974000000,1.96
1232017200000,1.94
1232060400000,1.97
1232103600000,1.94
1232146800000,1.96
1232190000000,1.93
1232233200000,1.962
1232276400000,1.98
1232319600000,2
1232362800000,1.95
1232406000000,2
1232449200000,1.98
1232492400000,2
1232535600000,1.94
1232578800000,1.95
1232622000000,1.94
1232665200000,1.94
1232708400000,1.925
1232751600000,1.9
1232794800000,1.88
1232838000000,1.88
1232881200000,1.93
1232924400000,1.85
1232967600000,1.74
1233010800000,1.82
1233054000000,1.9
1233097200000,1.95
1233140400000,1.91
1233183600000,1.96
1233226800000,1.94
1233270000000,1.95
1233313200000,1.93
1233356400000,1.94
1233399600000,1.915
1233442800000,2
1233486000000,1.99
1233529200000,1.9
1233572400000,1.72
1233615600000,2
1233658800000,2
1233702000000,2
1233745200000,1.99
1233788400000,2
1233831600000,2
1233874800000,2
1233918000000,2.19
1233961200000,1.96
1234004400000,1.75
1234047600000,1.8
1234090800000,1.755
1234134000000,1.76
1234177200000,1.74
1234220400000,1.75
1234263600000,1.824
1234306800000,1.899
1234350000000,1.973
1234393200000,1.98
1234436400000,1.97
1234479600000,2
1234522800000,2
1234566000000,1.98
1234609200000,1.965
1234652400000,1.95
1234695600000,1.925
1234738800000,1.96
1234782000000,1.942
1234825200000,1.95
1234868400000,1.885
1234911600000,1.91
1234954800000,1.93
1234998000000,1.95
1235041200000,1.94
1235084400000,1.965
1235127600000,1.96
1235170800000,1.97
1235214000000,1.96
1235257200000,1.97
1235300400000,1.95
1235343600000,1.94
1235386800000,1.864
1235430000000,1.9
1235473200000,1.94
1235516400000,1.95
1235559600000,1.96
1235602800000,1.98
1235646000000,1.99
1235689200000,2
1235732400000,2.12
1235775600000,2.1
1235818800000,2.03
1235862000000,2
1235905200000,1.95
1235948400000,2
1235991600000,2.06
1236034800000,2
1236078000000,1.995
1236121200000,2
1236164400000,1.965
1236207600000,1.915
1236250800000,1.87
1236294000000,1.915
1236337200000,1.87
1236380400000,1.93
1236423600000,1.77
1236466800000,1.87
1236506400000,1.752
1236549600000,1.83
1236592800000,1.73
1236636000000,1.84
1236679200000,1.68
1236722400000,1.75
1236765600000,1.726
1236808800000,1.9
1236852000000,1.78
1236895200000,1.91
1236938400000,1.86
1236981600000,1.95
1237024800000,1.883
1237068000000,2
1237111200000,1.18
1237154400000,2.2
1237197600000,2
1237240800000,2
1237284000000,1.945
1237327200000,2
1237370400000,1.99
1237413600000,2
1237456800000,2.04
1237500000000,2
1237543200000,1.995
1237586400000,2
1237629600000,1.91
1237672800000,1.95
1237716000000,1.91
1237759200000,1.88
1237802400000,1.83
1237845600000,1.78
1237888800000,1.91
1237932000000,2
1237975200000,2.05
1238018400000,2.21
1238061600000,2.1
1238104800000,2.15
1238148000000,2.02
1238191200000,1.95
1238234400000,1.8
1238277600000,1.84
1238320800000,1.87
1238364000000,1.91
1238407200000,1.77
1238450400000,1.82
1238493600000,1.87
1238536800000,1.89
1238580000000,1.756
1238623200000,1.83
1238666400000,1.83
1238709600000,2
1238752800000,1.98
1238796000000,1.9
1238839200000,1.79
1238882400000,1.875
1238925600000,1.985
1238968800000,2
1239012000000,1.98
1239055200000,2
1239098400000,1.9
1239141600000,1.88
1239184800000,1.91
1239228000000,1.9
1239271200000,1.88
1239314400000,1.86
1239357600000,1.852
1239400800000,1.87
1239444000000,1.734
1239487200000,1.83
1239530400000,1.76
1239573600000,1.84
1239616800000,1.81
1239660000000,1.7
1239703200000,1.58
1239746400000,1.64
1239789600000,1.71
1239832800000,1.72
1239876000000,1.67
1239919200000,1.65
1239962400000,1.63
1240005600000,1.74
1240048800000,1.86
1240092000000,1.87
1240135200000,1.98
1240178400000,2
1240221600000,1.823
1240264800000,2
1240308000000,2.05
1240351200000,2.07
1240394400000,2.06
1240437600000,2
1240480800000,2
1240524000000,1.95
1240567200000,1.8
1240610400000,1.82
1240653600000,1.71
1240696800000,1.66
1240740000000,1.6
1240783200000,1.62
1240826400000,1.575
1240869600000,1.58
1240912800000,1.56
1240956000000,1.71
1240999200000,1.63
1241042400000,1.69
1241085600000,1.7
1241128800000,1.76
1241172000000,1.8
1241215200000,1.76
1241258400000,1.62
1241301600000,1.78
1241344800000,1.99
1241388000000,1.92
1241431200000,1.81
1241474400000,1.83
1241517600000,1.8
1241560800000,1.77
1241604000000,1.63
1241647200000,1.65
1241690400000,1.613
1241733600000,1.64
1241776800000,1.61
1241820000000,2
1241863200000,2.04
1241906400000,2
1241949600000,1.887
1241992800000,1.773
1242036000000,1.66
1242079200000,1.68
1242122400000,1.65
1242165600000,1.67
1242208800000,1.64
1242252000000,1.66
1242295200000,1.63
1242338400000,1.7
1242381600000,1.75
1242424800000,1.8
1242468000000,1.85
1242511200000,1.81
1242554400000,1.75
1242597600000,1.79
1242640800000,1.65
1242684000000,1.61
1242727200000,1.54
1242770400000,1.6
1242813600000,1.652
1242856800000,1.7
1242900000000,1.74
1242943200000,1.88
1242986400000,2
1243029600000,1.98
1243072800000,1.817
1243116000000,1.668
1243159200000,1.52
1243202400000,1.52
1243245600000,1.51
1243288800000,1.53
1243332000000,1.573
1243375200000,1.617
1243418400000,1.66
1243461600000,1.88
1243504800000,1.87
1243548000000,1.762
1243591200000,1.65
1243634400000,1.6
1243677600000,1.523
1243720800000,1.54
1243764000000,1.51
1243807200000,1.48
1243850400000,1.46
1243893600000,1.42
1243936800000,1.5
1243980000000,1.5
1244023200000,1.63
1244066400000,2
1244109600000,1.77
1244152800000,2
1244196000000,1.88
1244239200000,2
1244282400000,1.77
1244325600000,2
1244368800000,1.57
1244412000000,1.55
1244455200000,1.51
1244498400000,1.53
1244541600000,1.52
1244584800000,1.57
1244628000000,1.67
1244671200000,1.7
1244714400000,1.52
1244757600000,1.48
1244800800000,1.46
1244844000000,1.47
1244887200000,1.46
1244930400000,1.48
1244973600000,1.52
1245016800000,1.532
1245060000000,1.55
1245103200000,1.62
1245146400000,1.76
1245189600000,1.98
1245232800000,2
1245276000000,2
1245319200000,2
1245362400000,2
1245405600000,2
1245448800000,2
1245492000000,1.885
1245535200000,1.72
1245578400000,1.52
1245621600000,1.54
1245664800000,1.51
1245708000000,1.54
1245751200000,1.56
1245794400000,1.66
1245837600000,1.73
1245880800000,1.75
1245924000000,1.68
1245967200000,1.7
1246010400000,1.85
1246053600000,2
1246096800000,1.955
1246140000000,1.86
1246183200000,1.86
1246226400000,1.92
1246269600000,1.95
1246312800000,1.87
1246356000000,1.87
1246399200000,1.86
1246442400000,1.75
1246485600000,1.8
1246528800000,1.86
1246572000000,1.9
1246615200000,1.887
1246658400000,1.88
1246701600000,1.86
1246744800000,1.9
1246788000000,1.76
1246831200000,1.78
1246874400000,1.5
1246917600000,1.52
1246960800000,1.42
1247004000000,1.4
1247047200000,1.43
1247090400000,1.48
1247133600000,1.54
1247176800000,1.63
1247220000000,1.76
1247263200000,1.8
1247306400000,1.85
1247349600000,1.87
1247392800000,1.737
1247436000000,1.603
1247479200000,1.47
1247522400000,1.45
1247565600000,1.58
1247608800000,1.69
1247652000000,2
1247695200000,2
1247738400000,1.94
1247781600000,1.95
1247824800000,1.95
1247868000000,1.97
1247911200000,2
1247954400000,2
1247997600000,1.86
1248040800000,1.79
1248084000000,1.58
1248127200000,1.64
1248170400000,1.76
1248213600000,1.88
1248256800000,1.97
1248300000000,2
1248343200000,1.98
1248386400000,1.99
1248429600000,2
1248472800000,1.97
1248516000000,2
1248559200000,2
1248602400000,1.685
1248645600000,1.67
1248688800000,1.57
1248732000000,1.65
1248775200000,1.82
1248818400000,1.845
1248861600000,1.92
1248904800000,1.87
1248948000000,1.83
1248991200000,1.84
1249034400000,1.83
1249077600000,1.87
1249120800000,1.855
1249164000000,1.75
1249207200000,1.45
1249250400000,1.41
1249293600000,1.4
1249336800000,1.4
1249380000000,1.395
1249423200000,1.53
1249466400000,1.68
1249509600000,1.762
1249552800000,2.05
1249596000000,2.07
1249639200000,2.1
1249682400000,2.07
1249725600000,2
1249768800000,1.95
1249812000000,1.67
1249855200000,1.56
1249898400000,1.45
1249941600000,1.582
1249984800000,1.76
1250028000000,1.87
1250071200000,2.03
1250114400000,2
1250157600000,2.02
1250200800000,2.04
1250244000000,2
1250287200000,2
1250330400000,1.9
1250373600000,1.88
1250416800000,1.877
1250460000000,1.873
1250503200000,1.87
1250546400000,1.85
1250589600000,1.7
1250632800000,1.8
1250676000000,2
1250719200000,2
1250762400000,2
1250805600000,2
1250848800000,1.75
1250892000000,1.81
1250935200000,1.865
1250978400000,2
1251021600000,1.92
1251064800000,1.99
1251108000000,1.993
1251151200000,1.997
1251194400000,2
1251237600000,2
1251280800000,2.06
1251324000000,2.06
1251367200000,2
1251410400000,2
1251453600000,2.03
1251496800000,1.92
1251540000000,1.585
1251583200000,1.6
1251626400000,1.62
1251669600000,1.65
1251712800000,1.705
1251756000000,1.72
1251799200000,1.8
1251842400000,1.84
1251885600000,1.91
1251928800000,2
1251972000000,2.03
1252015200000,2
1252058400000,1.956
1252101600000,1.89
1252144800000,1.76
1252188000000,1.71
1252231200000,1.645
1252274400000,1.66
1252317600000,1.68
1252360800000,1.72
1252404000000,1.86
1252447200000,1.88
1252490400000,1.673
1252533600000,1.751
1252576800000,1.7
1252620000000,1.76
1252663200000,1.532
1252706400000,1.63
1252749600000,2.04
1252792800000,2
1252836000000,1.71
1252879200000,1.76
1252922400000,1.68
1252965600000,1.82
1253008800000,2.05
1253052000000,2.05
1253095200000,2.06
1253138400000,2.07
1253181600000,2.05
1253224800000,2.07
1253268000000,2.08
1253311200000,2.08
1253354400000,2.08
1253397600000,2.08
1253440800000,2.07
1253484000000,2.04
1253527200000,2.03
1253570400000,2.03
1253613600000,2.09
1253656800000,2.1
1253700000000,2.1
1253743200000,2.09
1253786400000,2.08
1253829600000,2.08
1253872800000,2.08
1253916000000,2.08
1253959200000,2.09
1254002400000,2
1254045600000,1.982
1254088800000,1.95
1254132000000,1.8
1254175200000,1.92
1254218400000,2.08
1254261600000,2.08
1254304800000,2.08
1254348000000,2.09
1254391200000,2.085
1254434400000,2.09
1254477600000,2.09
1254520800000,2.07
1254564000000,2.083
1254607200000,2.09
1254650400000,2.09
1254693600000,2.09
1254736800000,2.082
1254780000000,2.086
1254823200000,2.087
1254866400000,2.08
1254909600000,2.09
1254952800000,2.09
1254996000000,2.087
1255039200000,2.083
1255082400000,2.08
1255125600000,2.09
1255168800000,2.09
1255212000000,2.09
1255255200000,2.09
1255298400000,2.08
1255341600000,2.05
1255384800000,2.05
1255428000000,2.03
1255471200000,2.09
1255514400000,2.09
1255557600000,2.09
1255600800000,2.095
1255644000000,2.098
1255687200000,2.7
1255730400000,2.09
1255773600000,2.09
1255816800000,2.09
1255860000000,2.09
1255903200000,2.09
1255946400000,2.09
1255989600000,2.08
1256032800000,2.09
1256076000000,2.08
1256119200000,2.08
1256162400000,2.08
1256205600000,2.07
1256248800000,2.07
1256292000000,2.07
1256335200000,2.08
1256378400000,2.08
1256421600000,2.09
1256464800000,2.09
1256508000000,2.095
1256551200000,2.1
1256594400000,2.098
1256637600000,2.09
1256680800000,2.1
1256724000000,2.1
1256767200000,2.98
1256810400000,2.105
1256853600000,2.1
1256983200000,1.95
1257073200000,1.59
1257116400000,1.66
1257159600000,1.905
1257202800000,1.92
1257246000000,1.95
1257289200000,2.05
1257332400000,2.08
1257375600000,2.1
1257418800000,2
1257462000000,2
1257505200000,1.95
1257548400000,2
1257591600000,2.07
1257634800000,2.05
1257678000000,1.96
1257721200000,2
1257764400000,1.96
1257807600000,1.82
1257850800000,1.75
1257894000000,2.23
1257937200000,2.497
1257980400000,2.33
1258023600000,2.2
1258066800000,2.3
1258110000000,2.07
1258153200000,2.08
1258196400000,1.96
1258239600000,1.88
1258282800000,1.62
1258326000000,1.54
1258369200000,1.43
1258412400000,1.66
1258455600000,1.86
1258498800000,2
1258542000000,2.096
1258585200000,2.1
1258628400000,2.09
1258671600000,2.05
1258714800000,2.03
1258758000000,1.87
1258974000000,1.37
1259017200000,1.56
1259060400000,1.94
1259103600000,2
1259146800000,2.09
1259190000000,2.09
1259233200000,2.08
1259276400000,2.1
1259319600000,2.09
1259362800000,2.12
1259406000000,2.11
1259449200000,2.095
1259492400000,2.08
1259535600000,1.92
1259578800000,1.71
1259622000000,1.51
1259665200000,2.04
1259708400000,2.08
1259751600000,2.1
1259794800000,2.1
1259838000000,2.09
1259881200000,2.1
1259924400000,2.1
1259967600000,2.07
1260010800000,2.03
1260054000000,2.06
1260097200000,2.11
1260140400000,2.12
1260183600000,2.11
1260226800000,2.08
1260270000000,2.01
1260313200000,2.05
1260356400000,2.07
1260399600000,1.95
1260442800000,1.76
1260486000000,1.84
1260529200000,1.92
1260572400000,1.87
1260615600000,1.71
1260658800000,1.83
1260702000000,1.6
1260745200000,1.73
1260788400000,1.66
1260831600000,1.68
1260874800000,1.81
1260918000000,1.88
1260961200000,1.73
1261004400000,1.98
1261047600000,1.945
1261090800000,2.05
1261134000000,2.165
1261177200000,2.21
1261220400000,2.17
1261263600000,2.18
1261306800000,2.04
1261350000000,1.82
1261393200000,1.53
1261436400000,1.43
1261479600000,1.41
1261522800000,1.54
1261566000000,1.71
1261609200000,1.695
1261652400000,2.186
1261695600000,2.1
1261738800000,2
1261782000000,2.15
1261825200000,2
1261868400000,1.94
1261911600000,1.71
1261954800000,1.64
1261998000000,1.6
1262041200000,1.58
1262084400000,1.53
1262127600000,1.93
1262170800000,2.16
1262214000000,2.2
1262257200000,1.96
1262300400000,1.92
1262343600000,1.88
1262386800000,1.99
1262430000000,1.91
1262473200000,1.985
1262516400000,2.05
1262559600000,2.15
1262602800000,1.82
1262646000000,1.72
1262689200000,1.622
1262732400000,1.76
1262775600000,1.76
1262818800000,1.931
1262862000000,2.39
1262905200000,2.32
1262948400000,2
1262991600000,2.12
1263034800000,1.82
1263078000000,1.8
1263121200000,1.65
1263164400000,1.88
1263207600000,2.36
1263250800000,2.38
1263294000000,1.77
1263337200000,1.71
1263380400000,1.7
1263423600000,1.7
1263466800000,1.64
1263510000000,1.76
1263553200000,1.87
1263596400000,1.9
1263639600000,1.82
1263682800000,1.89
1263726000000,1.73
1263769200000,1.7
1263812400000,1.67
1263855600000,1.63
1263898800000,1.51
1263942000000,1.71
1263985200000,1.68
1264028400000,1.98
1264071600000,2.07
1264114800000,2.055
1264158000000,2.08
1264201200000,2.09
1264244400000,2.07
1264287600000,2.03
1264330800000,1.9
1264374000000,2.01
1264417200000,1.72
1264460400000,1.67
1264503600000,1.58
1264546800000,1.8
1264590000000,1.815
1264633200000,1.77
1264676400000,1.77
1264719600000,2.06
1264762800000,1.72
1264806000000,1.8
1264849200000,1.75
1264892400000,1.96
1264935600000,1.73
1264978800000,1.73
1265022000000,1.6
1265065200000,1.52
1265108400000,1.74
1265151600000,1.68
1265194800000,1.605
1265238000000,1.78
1265281200000,1.96
1265324400000,2.06
1265367600000,2.03
1265410800000,2.18
1265454000000,2.09
1265497200000,2.16
1265540400000,2.11
1265583600000,2.05
1265626800000,1.71
1265670000000,1.66
1265713200000,1.62
1265756400000,1.64
1265799600000,1.66
1265842800000,1.63
1265886000000,1.61
1265929200000,1.55
1265972400000,1.632
1266015600000,1.72
1266058800000,1.802
1266102000000,2.1
1266145200000,1.65
1266188400000,1.6
1266231600000,1.58
1266274800000,1.55
1266318000000,1.6
1266361200000,1.68
1266404400000,1.78
1266447600000,2.05
1266490800000,2.02
1266534000000,2.04
1266577200000,2.07
1266620400000,2.09
1266663600000,2.1
1266706800000,2.12
1266750000000,1.75
1266793200000,1.7
1266836400000,1.62
1266879600000,1.66
1266922800000,1.64
1266966000000,1.88
1267009200000,2.27
1267052400000,2.18
1267095600000,2.03
1267138800000,2.11
1267182000000,1.74
1267225200000,1.71
1267268400000,1.6
1267311600000,1.6
1267354800000,1.58
1267398000000,1.59
1267441200000,1.57
1267484400000,1.61
1267527600000,1.66
1267570800000,1.71
1267614000000,1.76
1267657200000,1.82
1267700400000,1.8
1267743600000,1.84
1267786800000,2
1267830000000,2.02
1267873200000,2.07
1267916400000,2.03
1267959600000,1.66
1268002800000,1.71
1268046000000,1.8
1268089200000,1.84
1268132400000,1.88
1268175600000,2.03
1268218800000,2.06
1268262000000,2.1
1268305200000,2.1
1268348400000,2.06
1268391600000,2
1268434800000,1.98
1268478000000,1.77
1268521200000,1.7
1268560800000,1.62
1268604000000,1.62
1268647200000,1.63
1268690400000,1.72
1268733600000,2.1
1268776800000,2.12
1268820000000,2.02
1268863200000,2.08
1268906400000,2.16
1268949600000,2.16
1268992800000,2.16
1269036000000,2.163
1269079200000,2.1
1269122400000,2.12
1269165600000,2.07
1269208800000,2.04
1269252000000,1.64
1269295200000,1.66
1269338400000,1.62
1269381600000,1.61
1269424800000,1.51
1269468000000,1.51
1269511200000,1.68
1269554400000,1.93
1269597600000,1.6
1269640800000,1.62
1269684000000,1.6
1269727200000,1.6
1269770400000,1.66
1269813600000,1.7
1269856800000,1.73
1269900000000,1.75
1269943200000,1.61
1269986400000,1.61
1270029600000,1.65
1270072800000,1.72
1270116000000,1.8
1270159200000,1.86
1270202400000,1.75
1270245600000,1.7
1270288800000,1.76
1270332000000,1.726
1270375200000,1.661
1270418400000,1.595
1270461600000,1.53
1270504800000,1.53
1270548000000,1.5
1270591200000,1.51
1270634400000,1.55
1270677600000,1.57
1270720800000,1.65
1270764000000,1.67
1270807200000,1.49
1270850400000,1.5
1270893600000,1.53
1270936800000,1.53
1270980000000,1.7
1271023200000,1.71
1271066400000,1.66
1271109600000,1.64
1271152800000,1.676
1271196000000,1.68
1271239200000,1.6
1271282400000,1.58
1271325600000,1.65
1271368800000,1.68
1271412000000,1.81
1271455200000,1.86
1271498400000,1.63
1271541600000,1.66
1271584800000,1.61
1271628000000,1.6
1271671200000,1.61
1271714400000,1.65
1271757600000,1.6
1271800800000,1.58
1271844000000,1.65
1271887200000,1.625
1271930400000,1.58
1271973600000,1.613
1272016800000,1.736
1272060000000,1.842
1272103200000,2
1272146400000,2.03
1272189600000,1.6
1272232800000,1.586
1272276000000,1.623
1272319200000,1.572
1272362400000,1.53
1272405600000,1.564
1272448800000,1.605
1272492000000,1.58
1272535200000,1.663
1272578400000,1.747
1272621600000,1.83
1272664800000,1.81
1272708000000,1.97
1272751200000,1.955
1272794400000,2
1272837600000,1.99
1272880800000,1.983
1272924000000,1.881
1272967200000,1.732
1273010400000,1.75
1273053600000,1.761
1273096800000,1.772
1273140000000,1.83
1273183200000,1.8
1273226400000,1.797
1273269600000,1.793
1273312800000,1.79
1273356000000,1.775
1273399200000,1.74
1273442400000,1.72
1273485600000,1.672
1273528800000,1.65
1273572000000,1.61
1273615200000,1.588
1273658400000,1.635
1273701600000,1.702
1273744800000,1.53
1273788000000,1.774
1273831200000,1.678
1273874400000,1.8
1273917600000,1.78
1273960800000,1.705
1274004000000,1.627
1274047200000,1.63
1274090400000,1.66
1274133600000,1.675
1274176800000,1.55
1274220000000,1.582
1274263200000,1.646
1274306400000,1.61
1274349600000,1.64
1274392800000,1.65
1274436000000,1.705
1274479200000,1.71
1274522400000,1.64
1274565600000,1.66
1274608800000,1.62
1274652000000,1.645
1274695200000,1.63
1274738400000,1.63
1274781600000,1.603
1274824800000,1.622
1274868000000,1.6
1274911200000,1.57
1274954400000,1.608
1274997600000,1.65
1275040800000,1.638
1275084000000,1.68
1275127200000,1.7
1275170400000,1.675
1275213600000,1.65
1275256800000,1.662
1275300000000,1.61
1275343200000,1.555
1275386400000,1.581
1275429600000,1.623
1275472800000,1.63
1275516000000,1.654
1275559200000,1.602
1275602400000,1.662
1275645600000,1.6
1275688800000,1.7
1275732000000,1.6
1275775200000,1.722
1275818400000,1.575
1275861600000,1.53
1275904800000,1.491
1275948000000,1.5
1275991200000,1.51
1276034400000,1.533
1276077600000,1.55
1276120800000,1.55
1276164000000,1.58
1276207200000,1.67
1276250400000,1.88
1276293600000,1.845
1276336800000,1.88
1276380000000,1.95
1276423200000,1.741
1276466400000,1.762
1276509600000,1.78
1276552800000,1.78
1276596000000,1.63
1276639200000,1.618
1276682400000,1.612
1276725600000,1.606
1276768800000,1.6
1276812000000,1.68
1276855200000,1.84
1276898400000,1.87
1276941600000,1.803
1276984800000,1.99
1277028000000,1.602
1277071200000,1.58
1277114400000,1.55
1277157600000,1.553
1277200800000,1.55
1277244000000,1.605
1277287200000,1.598
1277330400000,1.63
1277373600000,1.67
1277416800000,1.692
1277460000000,1.716
1277503200000,1.739
1277546400000,1.763
1277589600000,1.786
1277632800000,1.81
1277676000000,1.833
1277719200000,1.857
1277762400000,2.03
1277805600000,1.98
1277848800000,2
1277892000000,1.78
1277935200000,1.8
1277978400000,1.78
1278021600000,1.7
1278064800000,1.62
1278108000000,1.588
1278151200000,1.607
1278194400000,1.63
1278237600000,1.624
1278280800000,1.6
1278324000000,1.54
1278367200000,1.6
1278410400000,1.56
1278453600000,1.595
1278496800000,1.645
1278540000000,1.694
1278583200000,1.744
1278626400000,1.793
1278669600000,1.843
1278712800000,2
1278756000000,1.93
1278799200000,2
1278842400000,2
1278885600000,1.987
1278928800000,1.85
1278972000000,1.773
1279015200000,1.61
1279058400000,1.68
1279101600000,1.715
1279144800000,1.782
1279188000000,2
1279231200000,2
1279274400000,2
1279317600000,2
1279360800000,2
1279404000000,2.04
1279447200000,1.88
1279490400000,1.823
1279533600000,1.73
1279576800000,1.681
1279620000000,1.42
1279663200000,1.5
1279706400000,1.56
1279749600000,1.7
1279792800000,1.74
1279836000000,1.99
1279879200000,2.02
1279922400000,2.04
1279965600000,2.022
1280008800000,2
1280052000000,1.782
1280095200000,1.72
1280138400000,1.75
1280181600000,1.77
1280224800000,1.74
1280268000000,1.752
1280311200000,1.74
1280354400000,1.86
1280397600000,1.893
1280440800000,1.927
1280484000000,1.96
1280527200000,2
1280570400000,1.974
1280613600000,2
1280656800000,1.833
1280700000000,1.85
1280743200000,1.782
1280786400000,1.87
1280829600000,2.07
1280872800000,2.1
1280916000000,2.15
1280959200000,2.18
1281002400000,2.14
1281045600000,2.16
1281088800000,2
1281132000000,2
1281175200000,2.12
1281218400000,2.15
1281261600000,2.14
1281304800000,2.1
1281348000000,1.98
1281391200000,2.04
1281434400000,2.14
1281477600000,2.13
1281520800000,2.16
1281564000000,2.17
1281607200000,2.16
1281650400000,2.18
1281693600000,2.159
1281736800000,2.137
1281780000000,2.116
1281823200000,2.094
1281866400000,2.073
1281909600000,2.051
1281952800000,2.03
1281996000000,2.04
1282039200000,2.065
1282082400000,2.1
1282125600000,2.18
1282168800000,2.2
1282212000000,2.156
1282255200000,2.2
1282298400000,2.17
1282341600000,2.2
1282384800000,2.16
1282428000000,2.19
1282471200000,2.15
1282514400000,2.13
1282557600000,1.78
1282600800000,1.87
1282644000000,2.12
1282687200000,2.15
1282730400000,2.13
1282773600000,2.15
1282816800000,2.18
1282860000000,2.18
1282903200000,2.164
1282946400000,2.17
1282989600000,2.18
1283032800000,2.2
1283076000000,2.162
1283119200000,2.18
1283162400000,2.133
1283205600000,2.1
1283248800000,2.03
1283292000000,2.05
1283335200000,2.05
1283378400000,2.08
1283421600000,2.1
1283464800000,2.16
1283508000000,2.15
1283551200000,2.17
1283594400000,2.155
1283637600000,2.162
1283680800000,2.18
1283724000000,2.18
1283767200000,2.12
1283810400000,2.153
1283853600000,2.05
1283896800000,2.04
1283940000000,2.03
1283983200000,2.05
1284026400000,2.1
1284069600000,2.122
1284112800000,2.093
1284156000000,2.065
1284199200000,2.036
1284242400000,2.072
1284285600000,2
1284328800000,1.98
1284372000000,1.918
1284415200000,1.97
1284458400000,2
1284501600000,2.08
1284544800000,2.155
1284588000000,2.16
1284631200000,2.174
1284674400000,2.18
1284717600000,2.18
1284760800000,2.18
1284804000000,2.162
1284847200000,2.18
1284890400000,2.15
1284933600000,2.17
1284976800000,2.155
1285020000000,2.153
1285063200000,2.162
1285106400000,2.18
1285149600000,2.17
1285192800000,2.2
1285236000000,2.172
1285279200000,2.165
1285322400000,2.17
1285365600000,2.183
1285408800000,2.145
1285452000000,2.16
1285495200000,2.165
1285538400000,2.16
1285581600000,2.15
1285624800000,2.17
1285668000000,2.169
1285711200000,2.167
1285754400000,2.166
1285797600000,2.172
1285840800000,2.15
1285884000000,2.18
1285927200000,2.17
1285970400000,2.17
1286013600000,2.167
1286056800000,2.163
1286100000000,2.16
1286143200000,2.156
1286186400000,2.153
1286229600000,2.16
1286272800000,2.14
1286316000000,2.14
1286359200000,2.13
1286402400000,2.143
1286445600000,2.155
1286488800000,2.12
1286532000000,2.08
1286575200000,2.1
1286618400000,2.12
1286661600000,2.15
1286704800000,2.142
1286748000000,2.14
1286791200000,2.14
1286834400000,2.13
1286877600000,2.15
1286920800000,2.163
1286964000000,2.15
1287007200000,2.155
1287050400000,2.14
1287093600000,2.153
1287136800000,2.134
1287180000000,2.145
1287223200000,2.16
1287266400000,2.16
1287309600000,2.16
1287352800000,2.16
1287396000000,2.155
1287439200000,2.165
1287482400000,2.162
1287525600000,2.183
1287568800000,2.17
1287612000000,2.18
1287655200000,2.172
1287698400000,2.17
1287741600000,2.17
1287784800000,2.175
1287828000000,2.16
1287871200000,2.162
1287914400000,2.165
1287957600000,2.14
1288000800000,1.965
1288044000000,1.98
1288087200000,2.08
1288130400000,2.1
1288173600000,2.15
1288216800000,2.165
1288260000000,2.155
1288303200000,2.162
1288346400000,2.18
1288389600000,2.19
1288432800000,2.2
1288476000000,2.2
1288519200000,2.166
1288562400000,2.182
1288605600000,2.167
1288648800000,2.19
1288692000000,2.165
1288735200000,2.17
1288778400000,2.168
1288821600000,2.17
1288864800000,2.16
1288908000000,2.172
1288951200000,2.163
1288994400000,2.168
1289037600000,2.162
1289080800000,2.17
1289127600000,2.165
1289170800000,2.17
1289214000000,2.163
1289257200000,2.167
1289300400000,2.12
1289343600000,2.163
1289386800000,2.152
1289430000000,2.14
1289473200000,2.12
1289516400000,2.13
1289559600000,2.15
1289602800000,2.162
1289646000000,2.151
1289689200000,2.155
1289732400000,2.126
1289775600000,2.13
1289818800000,2.155
1289862000000,2.165
1289905200000,2.18
1289948400000,2.21
1289991600000,2.205
1290034800000,2.21
1290078000000,2.22
1290121200000,2.23
1290164400000,2.19
1290207600000,2.2
1290250800000,2.17
1290294000000,2.17
1290337200000,2.18
1290380400000,2.18
1290423600000,2.185
1290466800000,2.19
1290510000000,2.195
1290553200000,2.19
1290596400000,2.19
1290639600000,2.195
1290682800000,2.192
1290726000000,2.19
1290769200000,2.2
1290812400000,2.2
1290855600000,2.172
1290898800000,2.18
1290942000000,2.17
1290985200000,2.18
1291028400000,2.18
1291071600000,2.185
1291114800000,2.182
1291158000000,2.19
1291201200000,2.17
1291244400000,2.16
1291287600000,2.16
1291330800000,2.16
1291374000000,2.16
1291417200000,2.162
1291460400000,2.16
1291503600000,2.16
1291546800000,2.16
1291590000000,2.165
1291633200000,2.16
1291676400000,2.16
1291719600000,2.2
1291762800000,2.23
1291806000000,2.3
1291849200000,2.3
1291892400000,2.25
1291935600000,2.2
1291978800000,2.05
1292022000000,2.08
1292065200000,3
1292108400000,2.78
1292151600000,2.02
1292194800000,2.03
1292238000000,2.2
1292281200000,2.18
1292324400000,2.067
1292367600000,2.182
1292410800000,2.2
1292454000000,2.205
1292497200000,2.18
1292540400000,2.2
1292583600000,2.2
1292626800000,2.03
1292670000000,2.2
1292713200000,2.19
1292756400000,2.18
1292799600000,2.18
1292842800000,2.17
1292886000000,2.15
1292929200000,2.12
1292972400000,2.15
1293015600000,2.182
1293058800000,2.2
1293102000000,2.165
1293145200000,2.178
1293188400000,2.2
1293231600000,2.21
1293274800000,2.15
1293318000000,2.09
1293361200000,2.03
1293404400000,2.04
1293447600000,1.75
1293490800000,1.7
1293534000000,2.17
1293577200000,2.17
1293620400000,2.155
1293663600000,2.16
1293706800000,2.231
1293750000000,2.22
1293793200000,2.22
1293836400000,2.22
1293879600000,2.217
1293922800000,2.213
1293966000000,2.21
1294009200000,2.22
1294052400000,2.2
1294095600000,2.22
1294138800000,2.21
1294182000000,2.22
1294225200000,2.2
1294268400000,2.2
1294311600000,2.19
1294354800000,2.2
1294398000000,2.29
1294441200000,2.3
1294484400000,2.25
1294527600000,2.22
1294570800000,2.12
1294614000000,2.1
1294657200000,2.05
1294700400000,2.132
1294743600000,2.29
1294786800000,2.31
1294830000000,2.29
1294873200000,2.22
1294916400000,2.2
1294959600000,2
1295002800000,1.95
1295046000000,1.95
1295089200000,2.25
1295132400000,2.27
1295175600000,2.3
1295218800000,2.36
1295262000000,2.28
1295305200000,2.25
1295348400000,2.135
1295391600000,2.135
1295434800000,2.22
1295478000000,2.2
1295521200000,2.12
1295564400000,2.1
1295607600000,2.12
1295650800000,2.14
1295694000000,2.16
1295737200000,2.19
1295780400000,2.16
1295823600000,2.18
1295866800000,2.16
1295910000000,2.16
1295953200000,2.16
1295996400000,2.17
1296039600000,2.152
1296082800000,2.15
1296126000000,2.117
1296169200000,2.085
1296212400000,2.17
1296255600000,2.17
1296298800000,2.15
1296342000000,2.15
1296385200000,2.18
1296428400000,2.165
1296471600000,2.1
1296514800000,2.1
1296558000000,2.16
1296601200000,2.175
1296644400000,2.16
1296687600000,2.16
1296730800000,2.15
1296774000000,2.164
1296817200000,2.121
1296860400000,2.078
1296903600000,2.036
1296946800000,1.993
1296990000000,1.95
1297033200000,1.9
1297076400000,1.86
1297119600000,1.88
1297162800000,1.905
1297206000000,2
1297249200000,2.14
1297292400000,2.16
1297335600000,2.13
1297378800000,2.142
1297422000000,2.16
1297465200000,2.16
1297508400000,2.16
1297551600000,2.172
1297594800000,2.165
1297638000000,2.17
1297681200000,2.182
1297724400000,2.195
1297767600000,2.12
1297810800000,2
1297854000000,1.96
1297897200000,1.9
1297940400000,1.987
1297983600000,2.073
1298026800000,2.16
1298070000000,2.182
1298113200000,2.152
1298156400000,2.14
1298199600000,2.12
1298242800000,2
1298286000000,1.805
1298329200000,1.85
1298372400000,1.83
1298415600000,1.84
1298458800000,1.8
1298502000000,1.78
1298545200000,1.75
1298588400000,1.782
1298631600000,2.12
1298674800000,2.15
1298718000000,2.17
1298761200000,2.2
1298804400000,2.08
1298847600000,2.03
1298890800000,1.96
1298934000000,1.9
1298977200000,1.89
1299020400000,1.93
1299063600000,1.962
1299106800000,1.97
1299150000000,2.155
1299193200000,2.22
1299236400000,2.23
1299279600000,2.24
1299322800000,2.25
1299366000000,2.28
1299409200000,2.23
1299452400000,2.2
1299495600000,2.185
1299538800000,1.152
1299582000000,1.61
1299625200000,1.66
1299668400000,2.06
1299711600000,2.1
1299754800000,1.91
1299798000000,1.87
1299841200000,1.81
1299884400000,1.9
1299927600000,2.02
1299970800000,2.06
1300010400000,2.1
1300053600000,2.14
1300096800000,2.168
1300140000000,2.182
1300183200000,2.16
1300226400000,2.175
1300269600000,1.98
1300312800000,2
1300442400000,2.01
1300485600000,1.982
1300528800000,1.9
1300572000000,1.9
1300615200000,1.775
1300658400000,1.862
1300701600000,2.122
1300744800000,2.15
1300788000000,2.232
1300831200000,2.245
1300874400000,2.05
1300917600000,2.02
1300960800000,2.08
1301004000000,2
1301047200000,1.7
1301090400000,1.71
1301133600000,1.7
1301176800000,1.68
1301220000000,1.72
1301263200000,1.79
1301306400000,1.853
1301479200000,1.88
1301522400000,1.9
1301565600000,1.95
1301608800000,2
1301652000000,2.05
1301695200000,2.08
1301738400000,2.102
1301781600000,2.12
1301824800000,1.982
1301868000000,1.9
1301911200000,1.68
1301954400000,1.662
1301997600000,1.646
1302040800000,1.52
1302084000000,1.58
1302127200000,1.6
1302170400000,1.65
1302213600000,1.65
1302256800000,1.68
1302300000000,1.675
1302343200000,1.72
1302386400000,1.7
1302429600000,1.773
1302472800000,1.765
1302516000000,1.742
1302559200000,1.7
1302602400000,1.63
1302645600000,1.65
1302688800000,1.62
1302732000000,1.62
1302775200000,1.66
1302818400000,1.67
1302861600000,1.63
1302904800000,1.65
1302948000000,1.61
1302991200000,1.6
1303034400000,1.67
1303077600000,1.69
1303120800000,1.82
1303164000000,1.826
1303207200000,1.7
1303250400000,1.715
1303293600000,1.7
1303336800000,1.692
1303380000000,1.763
1303423200000,1.79
1303466400000,1.8
1303509600000,1.861
1303552800000,1.98
1303596000000,1.892
1303639200000,1.93
1303682400000,1.91
1303725600000,1.948
1303768800000,1.953
1304071200000,1.854
1304114400000,1.832
1304157600000,1.76
1304200800000,1.76
1304244000000,1.8
1304287200000,1.8
1304330400000,1.9
1304373600000,1.93
1304416800000,2
1304460000000,2.05
1304503200000,2.1
1304546400000,2.1
1304589600000,2.1
1304632800000,2.1
1304762400000,1.768
1304805600000,1.776
1304848800000,1.7
1304892000000,1.682
1304935200000,1.64
1304978400000,1.63
1305021600000,1.63
1305064800000,1.622
1305108000000,1.6
1305151200000,1.615
1305194400000,1.63
1305237600000,1.65
1305280800000,1.675
1305324000000,1.67
1305367200000,1.68
1305410400000,1.672
1305453600000,1.66
1305496800000,1.66
1305540000000,1.643
1305583200000,1.635
1305626400000,1.63
1305669600000,1.682
1305712800000,1.726
1305756000000,1.77
1305799200000,1.823
1305842400000,1.863
1305885600000,1.856
1305928800000,1.932
1305972000000,2
1306015200000,2.05
1306058400000,1.982
1306101600000,1.98
1306144800000,1.86
1306188000000,1.853
1306231200000,1.867
1306274400000,1.954
1306317600000,2.171
1306360800000,2.22
1306404000000,2.3
1306447200000,2.28
1306490400000,2.005
1306533600000,2
1306576800000,2.05
1306620000000,2.04
1306663200000,2.02
1306706400000,1.742
1306749600000,1.7
1306792800000,1.63
1306836000000,1.51
1306879200000,1.5
1306922400000,1.582
1306965600000,1.58
1307008800000,1.653
1307052000000,1.66
1307095200000,1.684
1307138400000,1.712
1307181600000,1.57
1307224800000,1.662
1307268000000,1.753
1307311200000,1.77
1307354400000,1.616
1307397600000,1.63
1307700000000,1.61
1307743200000,1.605
1307786400000,1.6
1307829600000,1.572
1307872800000,1.54
1307916000000,1.556
1307959200000,1.565
1308002400000,1.56
1308045600000,1.51
1308088800000,1.5
1308132000000,1.532
1308175200000,1.546
1308218400000,1.552
1308261600000,1.58
1308304800000,1.546
1308348000000,1.553
1308391200000,1.56
1308434400000,1.62
1308477600000,1.63
1308520800000,1.635
1308564000000,1.6
1308607200000,1.61
1308650400000,1.6
1308693600000,1.59
1308736800000,1.586
1308780000000,1.598
1308823200000,1.66
1308866400000,1.65
1308909600000,1.67
1308952800000,1.632
1308996000000,1.61
1309039200000,1.57
1309082400000,1.534
1309125600000,1.562
1309168800000,1.55
1309212000000,1.57
1309255200000,1.547
1309298400000,1.53
1309341600000,1.5
1309384800000,1.455
1309428000000,1.43
1309471200000,1.43
1309514400000,1.45
1309557600000,1.46
1309600800000,1.475
1309644000000,1.482
1309687200000,1.47
1309730400000,1.47
1309773600000,1.485
1309816800000,1.49
1309860000000,1.48
1309903200000,1.48
1309946400000,1.46
1309989600000,1.46
1310119200000,1.46
1310162400000,1.441
1310205600000,1.42
1310248800000,1.423
1310292000000,1.432
1310335200000,1.43
1310378400000,1.452
1310421600000,1.42
1310464800000,1.4
1310508000000,1.4
1310551200000,1.48
1310594400000,1.472
1310637600000,1.465
1310680800000,1.46
1310810400000,1.45
1310853600000,1.45
1310896800000,1.445
1310940000000,1.462
1310983200000,1.48
1311026400000,1.455
1311069600000,1.462
1311112800000,1.44
1311156000000,1.41
1311199200000,1.423
1311242400000,1.432
1311285600000,1.43
1311328800000,1.44
1311372000000,1.442
1311415200000,1.43
1311458400000,1.415
1311501600000,1.422
1311544800000,1.431
1311588000000,1.43
1311631200000,1.43
1311674400000,1.423
1311717600000,1.41
1311760800000,1.4
1311804000000,1.43
1311847200000,1.422
1311890400000,1.41
1311933600000,1.4
1311976800000,1.4
1312020000000,1.405
1312063200000,1.43
1312106400000,1.442
1312149600000,1.4
1312192800000,1.46
1312236000000,1.442
1312279200000,1.4
1312322400000,1.4
1312365600000,1.41
1312408800000,1.425
1312452000000,1.42
1312495200000,1.4
1312538400000,1.39
1312581600000,1.39
1312624800000,1.372
1312668000000,1.37
1312711200000,1.38
1312754400000,1.391
1312797600000,1.41
1312840800000,1.4
1312884000000,1.392
1312927200000,1.4
1312970400000,1.41
1313013600000,1.367
1313056800000,1.412
1313100000000,1.38
1313143200000,1.367
1313186400000,1.37
1313229600000,1.41
1313272800000,1.38
1313488800000,1.41
1313532000000,1.421
1313575200000,1.41
1313618400000,1.413
1313661600000,1.41
1313704800000,1.416
1313748000000,1.41
1313791200000,1.37
1313834400000,1.41
1313877600000,1.4
1313920800000,1.4
1313964000000,1.39
1314007200000,1.38
1314050400000,1.383
1314180000000,1.4
1314223200000,1.38
1314266400000,1.41
1314309600000,1.375
1314352800000,1.382
1314396000000,1.38
1314439200000,1.36
1314482400000,1.404
1314525600000,1.46
1314568800000,1.483
1314612000000,1.444
1314655200000,1.45
1314698400000,1.452
1314741600000,1.55
1314871200000,2
1314914400000,1.92
1314957600000,1.733
1315000800000,1.703
1315044000000,1.68
1315087200000,1.722
1315389600000,1.351
1315432800000,1.37
1315476000000,1.38
1315519200000,1.4
1315562400000,1.405
1315605600000,1.42
1315648800000,1.451
1315692000000,1.454
1315735200000,1.465
1315778400000,1.45
1315821600000,1.442
1315864800000,1.46
1315908000000,1.473
1315951200000,1.435
1315994400000,1.413
1316037600000,1.453
1316080800000,1.44
1316124000000,1.44
1316167200000,1.455
1316210400000,1.462
1316253600000,1.42
1316296800000,1.435
1316426400000,1.34
1316469600000,1.355
1316512800000,1.37
1316556000000,1.37
1316599200000,1.4
1316642400000,1.402
1316685600000,1.38
1316728800000,1.371
1316858400000,1.45
1316901600000,1.44
1316944800000,1.43
1316988000000,1.45
1317031200000,1.43
1317074400000,1.437
1317117600000,1.462
1317160800000,1.46
1317204000000,1.44
1317247200000,1.45
1317290400000,1.435
1317333600000,1.422
1317376800000,1.4
1317420000000,1.42
1317463200000,1.45
1317506400000,1.442
1317549600000,1.43
1317592800000,1.44
1317636000000,1.425
1317679200000,1.413
1317722400000,1.4
1317765600000,1.38
1317808800000,1.51
1317852000000,1.485
1317895200000,1.421
1317938400000,1.405
1317981600000,1.416
1318024800000,1.392
1318068000000,1.41
1318111200000,1.455
1318154400000,1.44
1318197600000,1.453
1318240800000,1.47
1318284000000,1.45
1318327200000,1.406
1318370400000,1.424
1318413600000,1.432
1318456800000,1.455
1318500000000,1.46
1318543200000,1.47
1318586400000,1.466
1318629600000,1.47
1318672800000,1.43
1318716000000,1.441
1318845600000,1.44
1318888800000,1.463
1318932000000,1.442
1318975200000,1.451
1319018400000,1.44
1319061600000,1.454
1319104800000,1.444
1319148000000,1.46
1319277600000,1.421
1319320800000,1.4
1319364000000,1.432
1319407200000,1.44
1319450400000,1.415
1319493600000,1.42
1319536800000,1.42
1319580000000,1.313
1319623200000,1.43
1319666400000,1.442
1319709600000,1.426
1319752800000,1.453
1319796000000,1.43
1319839200000,1.464
1319882400000,1.426
1319925600000,1.43
1319968800000,1.4
1320012000000,1.412
1320055200000,1.382
1320098400000,1.355
1320141600000,1.38
1320184800000,1.45
1320228000000,1.432
1320271200000,1.475
1320314400000,1.38
1320357600000,1.43
1320400800000,1.4
1320444000000,1.38
1320487200000,1.481
1320530400000,1.45
1320663600000,1.522
1320706800000,1.5
1320750000000,1.485
1320793200000,1.472
1320836400000,1.42
1320879600000,1.482
1320922800000,1.49
1320966000000,1.55
1321009200000,1.43
1321052400000,1.4
1321095600000,1.445
1321138800000,1.48
1321182000000,1.52
1321225200000,1.5
1321268400000,1.462
1321311600000,1.433
1321354800000,1.39
1321398000000,1.38
1321441200000,1.305
1321484400000,1.45
1321527600000,1.66
1321570800000,1.7
1321614000000,1.68
1321657200000,1.72
1321700400000,1.78
1321743600000,1.81
1321959600000,1.42
1322002800000,1.473
1322046000000,1.41
1322089200000,1.422
1322132400000,1.43
1322175600000,1.43
1322218800000,1.472
1322262000000,1.456
1322305200000,1.483
1322348400000,1.464
1322391600000,1.47
1322434800000,1.522
1322478000000,1.5
1322521200000,1.463
1322564400000,1.44
1322607600000,1.41
1322650800000,1.42
1322694000000,1.425
1322737200000,1.465
1322780400000,1.472
1322823600000,1.485
1322866800000,1.5
1322910000000,1.461
1322953200000,1.55
1322996400000,1.69
1323039600000,1.723
1323082800000,1.71
1323126000000,1.7
1323169200000,1.64
1323212400000,1.65
1323255600000,1.642
1323298800000,1.683
1323428400000,1.742
1323471600000,1.772
1323514800000,1.85
1323558000000,1.834
1323601200000,1.72
1323644400000,1.732
1323687600000,1.77
1323730800000,1.68
1323774000000,1.475
1323817200000,1.525
1323860400000,1.673
1323903600000,1.68
1323946800000,1.772
1323990000000,1.69
1324033200000,1.67
1324076400000,1.681
1324119600000,1.67
1324162800000,1.55
1324206000000,1.39
1324249200000,1.44
1324292400000,1.56
1324335600000,1.764
1324378800000,1.883
1324422000000,1.9
1324465200000,2.09
1324508400000,2.1
1324551600000,2.045
1324594800000,2.352
1324638000000,2.51
1324681200000,2.155
1324724400000,2.07
1324767600000,2.03
1324810800000,1.688
1324854000000,1.522
1324983600000,1.41
1325026800000,1.48
1325070000000,1.6
1325113200000,1.643
1325156400000,1.662
1325199600000,1.684
1325242800000,1.7
1325286000000,1.72
1325329200000,1.67
1325372400000,1.77
1325415600000,1.925
1325458800000,1.862
1325502000000,1.73
1325545200000,1
1325588400000,1.49
1325631600000,1.504
1325674800000,1.511
1325718000000,1.553
1325761200000,1.511
1325804400000,1.572
1325847600000,1.69
1325890800000,1.734
1326106800000,1.93
1326150000000,1.885
1326193200000,1.68
1326236400000,1.68
1326279600000,1.63
1326322800000,1.63
1326366000000,1.56
1326409200000,1.543
1326452400000,1.51
1326495600000,1.555
1326538800000,1.68
1326582000000,1.68
1326625200000,1
1326711600000,2
1326754800000,2
1326798000000,2.1
1326841200000,2.03
1326970800000,2.34
1327014000000,2.263
1327057200000,1.93
1327100400000,1.84
1327143600000,1.86
1327186800000,1.86
1327230000000,1.81
1327273200000,1.782
1327316400000,1.77
1327359600000,1.793
1327402800000,1.78
1327446000000,1.8
1327489200000,1.81
1327532400000,1.98
1327575600000,1.904
1327618800000,1.83
1327748400000,1.8
1327791600000,1.79
1327834800000,1.82
1327878000000,1.8
1327921200000,1.8
1327964400000,1.792
1328094000000,1.8
1328137200000,1.76
1328180400000,1.813
1328223600000,1.8
1328266800000,1.785
1328310000000,1.8
1328526000000,1.79
1328569200000,1.8
1328612400000,1.79
1328655600000,1.8
1328698800000,1.79
1328742000000,1.802
1328785200000,1.781
1328828400000,1.783
1328871600000,1.793
1328914800000,1.822
1328958000000,1.782
1329001200000,1.8
1329044400000,1.815
1329087600000,1.8
1329130800000,1.782
1329174000000,1.773
1329217200000,1.76
1329260400000,1.76
1329303600000,1.78
1329346800000,1.812
1329390000000,1.773
1329433200000,1.8
1329476400000,1.772
1329519600000,1.79
1329562800000,1.76
1329606000000,1.773
1329908400000,1.8
1329951600000,1.776
1329994800000,1.772
1330038000000,1.79
1330081200000,1.83
1330124400000,1.852
1330167600000,1.831
1330210800000,1.81
1330254000000,1.862
1330297200000,1.88
1330340400000,2.08
1330383600000,2.1
1330426800000,2.05
1330470000000,2.072
1330513200000,1.82
1330556400000,1.83
1330599600000,1.88
1330642800000,1.88
1330686000000,1.62
1330729200000,1.683
1330772400000,1.7
1330815600000,1.725
1330858800000,1.76
1330902000000,1.776
1330945200000,1.74
1330988400000,1.755
1331031600000,1.732
1331074800000,1.74
1331204400000,2
1331247600000,2.02
1331290800000,1.9
1331334000000,1.91
1331377200000,1.84
1331420400000,1.855
1331546400000,1.93
1331589600000,1.9
1331632800000,1.9
1331676000000,1.9
1331719200000,1.8
1331762400000,1.78
1331805600000,1.93
1331848800000,1.905
1331892000000,1.94
1331935200000,2
1331978400000,1.966
1332021600000,1.94
1332064800000,1.972
1332108000000,1.995
1332151200000,1.82
1332194400000,1.863
1332237600000,1.91
1332280800000,1.9
1332324000000,1.87
1332367200000,1.871
1332410400000,1.857
1332453600000,1.863
1332496800000,1.882
1332540000000,1.87
1332583200000,1.84
1332626400000,1.861
1332669600000,1.83
1332712800000,1.88
1332756000000,1.9
1332799200000,1.95
1332842400000,1.87
1332885600000,1.868
1332928800000,1.86
1332972000000,1.86
1333015200000,1.83
1333058400000,1.845
1333101600000,1.83
1333144800000,1.832
1333188000000,1.835
1333231200000,1.83
1333274400000,1.822
1333317600000,1.831
1333360800000,1.84
1333404000000,1.883
1333447200000,1.982
1333490400000,2.05
1333533600000,2.1
1333576800000,2.1
1333620000000,1.98
1333663200000,1.96
1333706400000,1.9
1333749600000,1.91
1333792800000,1.912
1333836000000,1.912
1333965600000,1.735
1334008800000,1.7
1334052000000,1.69
1334095200000,1.691
1334138400000,1.922
1334181600000,1.91
1334224800000,1.93
1334268000000,1.93
1334484000000,2
1334527200000,2
1334570400000,2
1334613600000,2
1334656800000,1.9
1334700000000,1.925
1334743200000,1.905
1334786400000,1.9
1334829600000,1.81
1334872800000,1.742
1334916000000,1.74
1334959200000,1.74
1335002400000,1.688
1335045600000,1.7
1335088800000,1.623
1335132000000,1.64
1335348000000,1.86
1335391200000,1.86
1335520800000,1.88
1335564000000,1.88
1335607200000,1.876
1335650400000,1.862
1335866400000,1.9
1335909600000,1.93
1335952800000,1.905
1335996000000,1.9
1336384800000,1.663
1336428000000,1.66
1336471200000,1.642
1336514400000,1.63
1336557600000,1.61
1336600800000,1.6
1336644000000,1.64
1336687200000,1.732
1336730400000,1.765
1336773600000,1.696
1336816800000,1.755
1336860000000,1.75
1336903200000,1.77
1336946400000,1.765
1336989600000,1.76
1337032800000,1.76
1337248800000,1.782
1337292000000,1.78
1337335200000,1.8
1337378400000,1.822
1337421600000,1.793
1337464800000,1.78
1337508000000,1.754
1337551200000,1.7
1337594400000,1.675
1337637600000,1.66
1337853600000,1.826
1337896800000,1.82
1337940000000,1.83
1337983200000,1.842
1338026400000,0
1338372000000,1.85
1338415200000,1.855
1338458400000,1.84
1338501600000,1.863
1338544800000,1.842
1338588000000,1.853
1338631200000,1.86
1338674400000,1.85
1338717600000,1.831
1338760800000,1.8
1338804000000,1.76
1338847200000,1.772
1338890400000,1.79
1338933600000,1.8
1338976800000,1.821
1339020000000,1.8
1339063200000,1.782
1339106400000,1.785
1339149600000,1.773
1339192800000,1.77
1339236000000,1.722
1339279200000,1.71
1339322400000,1.65
1339365600000,1.615
1339408800000,1.57
1339452000000,1.57
1339495200000,1.8
1339538400000,1.81
1339581600000,1.82
1339624800000,1.825
1339668000000,1.85
1339711200000,1.862
1339754400000,1.83
1339797600000,1.844
1339840800000,1.82
1339884000000,1.8
1339927200000,1.78
1339970400000,1.791
1340013600000,1.805
1340056800000,1.82
1340100000000,1.8
1340143200000,1.82
1340186400000,1.181
1340229600000,1.8
1340445600000,1.82
1340488800000,1.8
1340877600000,1.78
1340920800000,1.785
1340964000000,1.8
1341007200000,1.823
1341050400000,1.812
1341093600000,1.805
1341136800000,1.8
1341180000000,1.82
1341223200000,1.812
1341266400000,1.81
1341309600000,1.82
1341352800000,1.82
1341396000000,1.816
1341439200000,1.8
1341482400000,1.78
1341525600000,1.773
1341568800000,1.751
1341612000000,1.75
1341655200000,1.72
1341698400000,1.7
1341741600000,1.654
1341784800000,1.633
1341828000000,1.55
1341871200000,1.562
1341914400000,1.59
1341957600000,1.62
1342000800000,1.625
1342044000000,1.68
1342087200000,1.742
1342130400000,1.781
1342173600000,1.8
1342216800000,1.8
1342260000000,1.77
1342303200000,1.72
1342346400000,1.75
1342389600000,1.75
1342432800000,1.76
1342476000000,1.765
1342519200000,1.751
1342562400000,1.74
1342605600000,1.73
1342648800000,1.735
1342692000000,1.75
1342735200000,1.75
1342778400000,1.775
1342821600000,1.8
1342864800000,1.712
1342908000000,1.831
1342951200000,0
1343124000000,1.55
1343167200000,1.554
1343210400000,1.58
1343253600000,1.58
1343296800000,1.572
1343340000000,1.57
1343383200000,1.56
1343426400000,1.565
1343469600000,1.155
1343512800000,1.6
1343556000000,1.63
1343599200000,1.622
1343642400000,1.58
1343685600000,1.574
1343728800000,1.55
1343772000000,1.553
1343815200000,1.54
1343858400000,1.532
1343901600000,1.52
1343944800000,1.52
1343988000000,1.51
1344031200000,1.51
1344074400000,1.51
1344117600000,1.55
1344160800000,1.7
1344204000000,1.66
1344247200000,1.58
1344290400000,1.58
1344333600000,1.55
1344376800000,1.55
1344420000000,1.572
1344463200000,1.57
1344506400000,1.625
1344549600000,1.63
1344592800000,1.62
1344636000000,1.614
1344679200000,1.6
1344722400000,1.605
1344765600000,1.53
1344808800000,1.5
1344852000000,1.522
1344895200000,1.53
1344938400000,1.5
1344981600000,1.463
1345024800000,1.44
1345068000000,1.425
1345111200000,1.4
1345154400000,1.41
1345456800000,1.725
1345500000000,1.652
1345543200000,1.46
1345586400000,1.423
1345629600000,1.374
1345672800000,1.36
1345716000000,1.58
1345759200000,1.58
1345802400000,1.63
1345845600000,1.63
1345888800000,1.75
1345932000000,1.74
1345975200000,1.735
1346018400000,1.73
1346061600000,1.722
1346104800000,1.7
1346148000000,1.654
1346191200000,1.58
1346234400000,1.482
1346277600000,1.48
1346320800000,1.783
1346364000000,1.455
1346407200000,1.42
1346450400000,1.4
1346493600000,1.382
1346536800000,1.38
1346580000000,1
1350468000000,1.66
1350511200000,1.6
1350554400000,1.46
1350597600000,1.55
1350640800000,1.7
1350684000000,1.72
1350727200000,1.732
1350770400000,1.715
1350813600000,1.7
1350856800000,1.732
1350900000000,1.722
1350943200000,1.73
1350986400000,1.7
1351029600000,1.71
1351072800000,1.73
1351116000000,1.74
1351159200000,1.75
1351202400000,1.73
1351245600000,1.7
1351332000000,1.73
1351375200000,1.723
1351418400000,1.7
1351461600000,1.712
1351504800000,1.61
1351548000000,1.52
1351591200000,1.33
1351634400000,1.4
1351677600000,1.423
1351720800000,1.582
1351764000000,1.66
1351807200000,1.64
1351850400000,1.6
1351893600000,1.572
1351936800000,0
1352026800000,1.55
1352070000000,1.5
1352113200000,1.5
1352156400000,1.482
1352199600000,1.48
1352242800000,1.48
1352286000000,1.44
1352329200000,1.432
1352372400000,1.46
1352415600000,1.465
1352458800000,1.48
1352502000000,1.46
1352545200000,1.532
1352588400000,1.574
1352631600000,1.71
1352674800000,1.7
1352890800000,1.69
1352934000000,1.67
1352977200000,1.54
1353020400000,1.163
1353063600000,1.73
1353106800000,1.736
1353150000000,1.734
1353193200000,1.724
1353236400000,1.71
1353279600000,1.7
1353322800000,1.68
1353366000000,1.662
1353409200000,1.64
1353452400000,1.641
1353495600000,1.7
1353538800000,1.69
1353582000000,1.733
1353625200000,1.74
1353668400000,1.74
1353711600000,1.73
1353754800000,1.721
1353798000000,1.735
1353841200000,1.73
1353884400000,1.7
1353927600000,1.59
1353970800000,1.55
1354014000000,0
1354100400000,1.46
1354143600000,1.422
1354273200000,1.64
1354316400000,1.52
1354359600000,1.44
1354402800000,1.4
1354446000000,1.39
1354489200000,1.4
1354618800000,1.28
1354662000000,1.305
1354705200000,1.32
1354748400000,1.36
1354791600000,1.4
1354834800000,1.41
1354878000000,1.39
1354921200000,1.35
1354964400000,1.34
1355007600000,1.332
1355050800000,1.42
1355094000000,1.4
1355137200000,1.37
1355180400000,1.37
1355223600000,1.38
1355310000000,2.1
1355353200000,2.1
1355482800000,2.2
1355526000000,2.15
1355569200000,2
1355612400000,1.58
1355655600000,1.43
1355698800000,1.44
1355742000000,1.48
1355785200000,1.51
1355828400000,1.44
1356001200000,1.38
1356044400000,1.4
1356087600000,1.44
1356130800000,1.47
1356174000000,1.42
1356217200000,1.551
1356260400000,1.72
1356303600000,1.684
1356346800000,1.58
1356390000000,1.58
1356433200000,0
1356519600000,1.334
1356562800000,1.362
1356951600000,1.663
1356994800000,1.664
1357124400000,1.68
1357167600000,1.658
1357210800000,1.7
1357254000000,1.773
1357297200000,1.86
1357340400000,1.9
1357383600000,2.14
1357426800000,2
1357470000000,1.884
1357513200000,1.82
1357599600000,0
1357642800000,1.56
1357686000000,1.552
1357902000000,1.73
1357945200000,1.733
1357988400000,1.64
1358031600000,1.784
1358074800000,1.66
1358118000000,1.63
1358161200000,1.584
1358204400000,1.542
1358247600000,1.48
1358290800000,1.52
1358334000000,1.71
1358377200000,1.72
1358420400000,1.763
1358463600000,1.78
1358506800000,1.7
1358550000000,1.55
1358593200000,1.48
1358636400000,1.52
1358766000000,1.66
1358809200000,1.665
1359111600000,1.804
1359154800000,1.82
1359198000000,1.855
1359241200000,1.86
1359370800000,1.8
1359414000000,1.822
1359457200000,1.835
1359500400000,1.84
1359630000000,1.64
1359673200000,1.64
1359716400000,1.55
1359759600000,1.55
1359802800000,1.44
1359846000000,1.4
1359889200000,1.12
1359932400000,1
1359975600000,1
1360018800000,1.2
1360321200000,1.5
1360364400000,1.5
1360407600000,1.48
1360450800000,1.485
1361185200000,1.84
1361228400000,1.84
1361271600000,1.862
1361314800000,1.7
1361358000000,1.805
1361401200000,1.81
1361444400000,1.782
1361487600000,1.784
1361530800000,1.85
1361574000000,1.855
1361617200000,1.83
1361660400000,1.844
1361703600000,1.8
1361746800000,1.82
1361790000000,1.84
1361833200000,1.853
1361876400000,1.8
1361919600000,1.81
1361962800000,1.84
1362006000000,1.853
1362049200000,1.83
1362092400000,1.8
1362135600000,1.78
1362178800000,1.742
1362222000000,1.62
1362265200000,1.68
1362308400000,1.705
1362351600000,1.723
1362394800000,1.76
1362438000000,1.76
1362481200000,1.78
1362524400000,1.753
1362567600000,1.694
1362610800000,1.7
1362826800000,1.754
1362870000000,1.77
1362909600000,1.8
1362952800000,1.803
1362996000000,1.8
1363039200000,1.82
1363082400000,1.81
1363125600000,1.8
1363168800000,1.853
1363212000000,1.84
1363255200000,1.782
1363298400000,1.76
1363341600000,1.7
1363384800000,1.684
1363428000000,1.62
1363471200000,1.625
1363514400000,1.66
1363557600000,1.614
1363600800000,1.62
1363644000000,1.622
1363687200000,1.703
1363730400000,1.74
1363773600000,1.76
1363816800000,1.765
1363860000000,1.772
1363903200000,1.79
1363946400000,1.78
1363989600000,1.78
1364032800000,1.778
1364076000000,1.77
1364637600000,1.74
1364680800000,1.745
1364724000000,1.752
1364767200000,1.73
1364810400000,1.742
1364853600000,1.745
1364896800000,1.74
1364940000000,1.74
1364983200000,1.723
1365026400000,1.715
1365069600000,1.7
1365112800000,1.68
1365156000000,1.66
1365199200000,1.66
1365242400000,1.64
1365285600000,1.623
1365328800000,1.61
1365372000000,1.62
1365415200000,1.58
1365458400000,1.57
1365501600000,1.6
1365544800000,1.6
1365760800000,2
1365804000000,2.5
1365847200000,2.75
1365890400000,2.1
1365933600000,2
1365976800000,1.9
1366020000000,1.88
1366063200000,1.873
1366106400000,1.85
1366149600000,1.832
1366192800000,1.8
1366236000000,1.81
1366624800000,1.48
1366668000000,1.482
1366711200000,1.492
1366754400000,1.5
1367402400000,1.46
1367445600000,1.46
1367488800000,1.51
1367532000000,1.52
1367575200000,1.51
1367618400000,1.512
1367661600000,1.5
1367704800000,1.52
1367748000000,1.5
1367791200000,1.5
1367834400000,1.5
1367877600000,1.48
1368266400000,1.5
1368309600000,1.5
1368352800000,1.523
1368396000000,1.52
1368439200000,1.51
1368482400000,1.5
1368525600000,1.51
1368568800000,1.51
1368612000000,1.51
1368655200000,1.51
1368698400000,1.5
1368741600000,1.5
1368784800000,1.51
1368828000000,1.51
1368871200000,1.5
1368914400000,1.5
1368957600000,1.512
1369000800000,1.5
1369044000000,1.48
1369087200000,1.44
1369130400000,1.425
1369173600000,1.413
1369216800000,1.4
1369260000000,1.4
1369303200000,1.42
1369346400000,1.415
1369389600000,1.41
1369432800000,1.4
1369476000000,1.39
1369519200000,1.39
1369562400000,1.4
1369605600000,1.4
1369648800000,1.423
1369692000000,1.42
1369735200000,1.45
1369778400000,1.49
1369821600000,1.775
1369864800000,1.81
1369908000000,1.8
1369951200000,1.79
1369994400000,1.785
1370037600000,1.77
1370685600000,1.42
1370728800000,1.4
1370772000000,1.38
1370815200000,1.4
1370858400000,1.335
1370901600000,1.3
1370944800000,1.32
1370988000000,1.341
1371031200000,1.34
1371074400000,1.334
1371117600000,1.332
1371160800000,1.33
1371204000000,1.35
1371247200000,1.37
1371290400000,1.4
1371333600000,1.442
1371376800000,1.46
1371420000000,1.45
1371463200000,1.43
1371506400000,1.43
1371549600000,1.43
1371592800000,1.43
1371636000000,1.442
1371679200000,1.44
1371722400000,1.463
1371765600000,1.46
1371808800000,1.47
1371852000000,1.475
1371895200000,1.48
1371938400000,1.48
1371981600000,1.46
1372024800000,1.475
1372068000000,1.46
1372111200000,1.462
1372154400000,1.45
1372197600000,1.46
1372240800000,1.66
1372284000000,1.668
1372327200000,1.67
1372370400000,1.684
1372413600000,1.672
1372456800000,1.67
1372500000000,1.7
1372543200000,1.71
1372586400000,1.735
1372629600000,1.754
1372672800000,1.68
1372716000000,1.65
1372759200000,1.5
1372802400000,1.5
1372845600000,1.486
1372888800000,1.48
1372932000000,1.47
1372975200000,1.47
1373191200000,1.38
1373234400000,1.353
1373277600000,1.33
1373320800000,1.32
1373364000000,1.31
1373407200000,1.3
1373450400000,1.32
1373493600000,1.36
1373536800000,1.51
1373580000000,1.51
1373623200000,1.652
1373666400000,1.68
1373709600000,1.76
1373752800000,1.8
1373796000000,2
1373839200000,2.05
1373882400000,2.1
1373925600000,2.15
1373968800000,2.2
1374012000000,2.2
1374055200000,1.965
1374098400000,1.94
1374141600000,1.9
1374184800000,1.83
1374228000000,1.8
1374271200000,1.78
1374314400000,1.6
1374357600000,1.57
1374400800000,1.55
1374444000000,1.534
1374487200000,1.5
1374530400000,1.452
1374573600000,1.41
1374616800000,1.4
1374660000000,1.45
1374703200000,1.45
1374746400000,1.463
1374789600000,1.485
1374832800000,1.51
1374876000000,1.542
1374919200000,1.532
1374962400000,1.523
1375005600000,1.5
1375048800000,1.52
1375092000000,1.653
1375135200000,1.64
1375178400000,1.62
1375221600000,1.61
1375264800000,1.6
1375308000000,1.6
1375351200000,1.652
1375394400000,1.66
1375696800000,1.5
1375740000000,1.52
1375783200000,1.5
1375826400000,1.5
1375869600000,1.52
1375912800000,1.5
1376128800000,1.45
1376172000000,1.46
1376215200000,1.55
1376258400000,1.62
1376301600000,1.764
1376344800000,1.783
1376388000000,1.862
1376431200000,1.905
1376474400000,2
1376517600000,2.1
1376560800000,2.13
1376604000000,2.153
1376647200000,2.16
1376690400000,2.175
1377338400000,2.1
1377381600000,2.1
1377424800000,2.07
1377468000000,2.06
1377511200000,2
1377554400000,2
1377597600000,1.98
1377640800000,2.05
1377684000000,2.166
1377727200000,2.172
1377770400000,2.15
1377813600000,2
1377856800000,1.9
1377900000000,1.72
1377943200000,1.7
1377986400000,1.7
1378029600000,1.65
1378072800000,1.653
1378116000000,1.67
1378159200000,1.65
1378202400000,1.72
1378245600000,1.753
1378288800000,1.854
1378332000000,1.8
1378375200000,1.755
1378418400000,1.7
1378461600000,1.66
1378504800000,1.662
1378634400000,1.55
1378677600000,1.52
1378720800000,1.5
1378764000000,1.6
1378807200000,1.73
1378850400000,1.76
1378893600000,1.71
1378936800000,1.79
1378980000000,1.78
1379023200000,1.774
1379066400000,1.78
1379109600000,1.77
1379152800000,1.82
1379196000000,1.85
1379239200000,1.87
1379282400000,1.88
1379325600000,1.76
1379368800000,1.78
1379412000000,1.81
1379455200000,1.823
1379498400000,1.81
1379541600000,1.81
1379584800000,1.8
1379628000000,1.805
1379844000000,1.735
1379887200000,1.75
1379930400000,1.7
1379973600000,1.712
1380016800000,1.8
1380060000000,1.78
1380189600000,2.163
1380232800000,2.17
1380276000000,2.2
1380319200000,2.18
1380362400000,2.155
1380405600000,2.15
1380448800000,2.13
1380492000000,2.113
1380708000000,1.752
1380751200000,1.77
1380794400000,1.823
1380837600000,1.803
1380880800000,1.63
1380924000000,1.6
1380967200000,1.56
1381010400000,1.523
1381053600000,1.48
1381096800000,1.48
1381140000000,1.48
1381183200000,1.485
1381399200000,1.56
1381442400000,1.723
1381485600000,2
1381528800000,2
1381572000000,2.5
1381615200000,2.704
1381658400000,1.81
1381701600000,1.81
1381917600000,1.78
1381960800000,1.76
1382004000000,1.77
1382047200000,1.775
1382090400000,1.82
1382133600000,1.95
1382176800000,2
1382220000000,2
1382263200000,1.95
1382306400000,1.9
1382349600000,1.8
1382392800000,1.72
1382436000000,1.54
1382479200000,1.61
1382608800000,1.8
1382652000000,1.812
1382695200000,1.76
1382738400000,1.775
1383040800000,1.55
1383084000000,1.6
1383127200000,1.792
1383170400000,1.8
1383213600000,1.79
1383256800000,1.81
1383300000000,1.81
1383343200000,1.81
1383386400000,1.815
1383429600000,1.82
1383476400000,1.805
1383519600000,1.81
1383562800000,1.805
1383606000000,1.813
1383735600000,1.77
1383778800000,1.8
1384081200000,1.81
1384124400000,1.81
1384167600000,1.81
1384210800000,1.8
1384513200000,1.782
1384556400000,1.8
1384599600000,1.81
1384642800000,1.818
1384686000000,1.68
1384729200000,1.681
1384772400000,1.48
1384815600000,1.48
1384858800000,1.49
1384902000000,1.447
1384945200000,1.45
1384988400000,1.455
1385031600000,1.46
1385074800000,1.46
1385118000000,1.57
1385161200000,1.5
1385204400000,1.48
1385247600000,1.472
1385290800000,1.45
1385334000000,1.463
1385377200000,1.51
1385420400000,1.5
1385463600000,1.44
1385506800000,1.44
1385550000000,1.51
1385593200000,1.18
1385636400000,1.535
1385679600000,1.542
1385722800000,1.57
1385766000000,1.57
1385982000000,1.45
1386025200000,1.45
1386068400000,1.45
1386111600000,1.45
1386154800000,1.51
1386198000000,1.5
1386241200000,1.38
1386284400000,1.38
1386327600000,1.35
1386370800000,1.35
1386414000000,1.36
1386457200000,1.35
1386500400000,1.32
1386543600000,1.332
1386586800000,1.35
1386630000000,1.353
1386673200000,1.36
1386716400000,1.36
1386759600000,1.36
1386802800000,1.343
1386846000000,1.33
1386889200000,1.303
1386932400000,1.295
1386975600000,1.3
1387018800000,1.31
1387062000000,1.3
1387105200000,1.29
1387148400000,1.29
1387191600000,1.27
1387234800000,1.26