1199163600000,3.1
1199250000000,0
1199336400000,0
1199422800000,0
1199509200000,15.4
1199595600000,0
1199682000000,0
1199768400000,14.2
1199854800000,18.1
1199941200000,6.9
1200027600000,0
1200114000000,0
1200200400000,0
1200286800000,0
1200373200000,0
1200459600000,0
1200546000000,0
1200632400000,0
1200718800000,0
1200805200000,0
1200891600000,0.1
1200978000000,0
1201064400000,16.3
1201150800000,10
1201237200000,12
1201323600000,2.6
1201410000000,8.3
1201496400000,0
1201582800000,16.3
1201669200000,0
1201755600000,0
1201842000000,1.9
1201928400000,31.5
1202014800000,0
1202101200000,2.5
1202187600000,1.8
1202274000000,10.2
1202360400000,6.5
1202446800000,0.7
1202533200000,0
1202619600000,40.5
1202706000000,7.2
1202792400000,26.1
1202878800000,3.8
1202965200000,11.2
1203051600000,80
1203138000000,0
1203224400000,10
1203310800000,0
1203397200000,5.2
1203483600000,0.7
1203570000000,0
1203656400000,44
1203742800000,0
1203829200000,0
1203915600000,0
1204002000000,0
1204088400000,0
1204174800000,0
1204261200000,0
1204347600000,0
1204434000000,0
1204520400000,39.5
1204606800000,13.9
1204693200000,3.1
1204779600000,1.8
1204866000000,11.3
1204952400000,63
1205038800000,3.7
1205121600000,1.4
1205208000000,0
1205294400000,0
1205380800000,0.9
1205467200000,0.1
1205553600000,0
1205640000000,0
1205726400000,0
1205812800000,17.8
1205899200000,3.7
1205985600000,0
1206072000000,0
1206158400000,14.1
1206244800000,13.3
1206331200000,0
1206417600000,5
1206504000000,60
1206590400000,3
1206676800000,0
1206763200000,0
1206849600000,50.3
1206936000000,32.9
1207022400000,0
1207108800000,11.4
1207195200000,22.4
1207281600000,56.2
1207368000000,85.1
1207454400000,6.6
1207540800000,14.6
1207627200000,6.6
1207713600000,0
1207800000000,1.2
1207886400000,10.3
1207972800000,20.3
1208059200000,20
1208145600000,10.5
1208232000000,13
1208318400000,13
1208404800000,5.2
1208491200000,5.2
1208577600000,0
1208664000000,0
1208750400000,3
1208836800000,1
1208923200000,17.8
1209009600000,18
1209096000000,23.8
1209182400000,18
1209268800000,14
1209355200000,14.9
1209441600000,3
1209528000000,3
1209614400000,0
1209700800000,0
1209787200000,6.2
1209873600000,0
1209960000000,0
1210046400000,0
1210132800000,0
1210219200000,0
1210305600000,0
1210392000000,0
1210478400000,0
1210564800000,20
1210651200000,0
1210737600000,0
1210824000000,0
1210910400000,17.9
1210996800000,0
1211083200000,5.5
1211169600000,2.1
1211256000000,0
1211342400000,0
1211428800000,0
1211515200000,0
1211601600000,0
1211688000000,0
1211774400000,0
1211860800000,0
1211947200000,0
1212033600000,0
1212120000000,0
1212206400000,0
1230786000000,0
1230872400000,2.2
1230958800000,0
1231045200000,0
1231131600000,0
1231218000000,0
1231304400000,0
1231390800000,0
1231477200000,0
1231563600000,0
1231650000000,0
1231736400000,0
1231822800000,0
1231909200000,0
1231995600000,0
1232082000000,0
1232168400000,0
1232254800000,0
1232341200000,0
1232427600000,0
1232514000000,0
1232600400000,0
1232686800000,0
1232773200000,15.6
1232859600000,0
1232946000000,7.1
1233032400000,12
1233118800000,0
1233205200000,10.7
1233291600000,0
1233378000000,5.8
1233464400000,0
1233550800000,0
1233637200000,44.6
1233723600000,0
1233810000000,5.9
1233896400000,12.4
1233982800000,0
1234069200000,0
1234155600000,0
1234242000000,0
1234328400000,0
1234414800000,0
1234501200000,0
1234587600000,0
1234674000000,0
1234760400000,5
1234846800000,8
1234933200000,39.1
1235019600000,7.9
1235106000000,0
1235192400000,21.5
1235278800000,0
1235365200000,29.6
1235451600000,5.5
1235538000000,6.3
1235624400000,28.5
1235710800000,0
1235797200000,16.8
1235883600000,0
1235970000000,30.2
1236056400000,11
1236142800000,0
1236229200000,0
1236315600000,0.7
1236402000000,0
1236488400000,0
1236571200000,0
1236657600000,2.8
1236744000000,2.6
1236830400000,0.3
1236916800000,0
1237003200000,8.4
1237089600000,20
1237176000000,55
1237262400000,0
1237348800000,0
1237435200000,0
1237521600000,0
1237608000000,0
1237694400000,0
1237780800000,0
1237867200000,0
1237953600000,0.3
1238040000000,0
1238126400000,0
1238212800000,0
1238299200000,0
1238385600000,6.8
1238472000000,38
1238558400000,20.6
1238644800000,4.7
1238731200000,20.6
1238817600000,15.9
1238904000000,4.5
1238990400000,6.3
1239076800000,0
1239163200000,59
1239249600000,0
1239336000000,0
1239422400000,0
1239508800000,0
1239595200000,15.2
1239681600000,0
1239768000000,0
1239854400000,0
1239940800000,0
1240027200000,0
1240113600000,0
1240200000000,10
1240286400000,0
1240372800000,6.7
1240459200000,12.5
1240545600000,4
1240632000000,0
1240718400000,0
1240804800000,4.3
1240891200000,30
1240977600000,0
1241064000000,0.4
1241150400000,0
1241236800000,0
1241323200000,0
1241409600000,0
1241496000000,4.6
1241582400000,21.6
1241668800000,0
1241755200000,0
1241841600000,12.9
1241928000000,0
1242014400000,4.9
1242100800000,1.7
1242187200000,0
1242273600000,0
1242360000000,0
1242446400000,0
1242532800000,0
1242619200000,0
1242705600000,0
1242792000000,0.4
1242878400000,0
1242964800000,0
1243051200000,0
1243137600000,0
1243224000000,0
1243310400000,0
1243396800000,0
1243483200000,0
1243569600000,0
1243656000000,0
1243742400000,0
1243828800000,0
1243915200000,0
1244001600000,0
1244088000000,0
1244174400000,0.5
1244260800000,0
1244347200000,0
1244433600000,0
1244520000000,0
1244606400000,0
1244692800000,0
1244779200000,0
1244865600000,0
1244952000000,0
1245038400000,0
1245124800000,0
1245211200000,0
1245297600000,0
1245384000000,0
1245470400000,0
1245556800000,0
1245643200000,0
1245729600000,0
1245816000000,0
1245902400000,0
1245988800000,0
1246075200000,0
1246161600000,0
1246248000000,0
1246334400000,0
1246420800000,0
1246507200000,0
1246593600000,0
1246680000000,0
1246766400000,0
1246852800000,0
1246939200000,0
1247025600000,0
1247112000000,0
1247198400000,0
1247284800000,0
1247371200000,0
1247457600000,0
1247544000000,0
1247630400000,0
1247716800000,0
1247803200000,0
1247889600000,0
1247976000000,0
1248062400000,0
1248148800000,0
1248235200000,0
1248321600000,0
1248408000000,0
1248494400000,0
1248580800000,0
1248667200000,0
1248753600000,0
1248840000000,0
1248926400000,0
1249012800000,0
1249099200000,0
1249185600000,0
1249272000000,0
1249358400000,0
1249444800000,0
1249531200000,0
1249617600000,0
1249704000000,0
1249790400000,0
1249876800000,0
1249963200000,0
1250049600000,0
1250136000000,0
1250222400000,0
1250308800000,0
1250395200000,0
1250481600000,0
1250568000000,0
1250654400000,0
1250740800000,0
1250827200000,0
1250913600000,0
1251000000000,0
1251086400000,0
1251172800000,0
1251259200000,0
1251345600000,0
1251432000000,0
1251518400000,0
1251604800000,0
1251691200000,0
1251777600000,0
1251864000000,0
1251950400000,0
1252036800000,0
1252123200000,0
1252209600000,0
1252296000000,0
1252382400000,0
1252468800000,0
1252555200000,0
1252641600000,0
1252728000000,0
1252814400000,0
1252900800000,0
1252987200000,0
1253073600000,0
1253160000000,0
1253246400000,0
1253332800000,0
1253419200000,0
1253505600000,0
1253592000000,0
1253678400000,0
1253764800000,0
1253851200000,0
1253937600000,0
1254024000000,0
1254110400000,0
1254196800000,0
1254283200000,0
1254369600000,0
1254456000000,0
1254542400000,0
1254628800000,0
1254715200000,0
1254801600000,0
1254888000000,0
1254974400000,0
1255060800000,0
1255147200000,0
1255233600000,0
1255320000000,0
1255406400000,0
1255492800000,0
1255579200000,0
1255665600000,0
1255752000000,0
1255838400000,0
1255924800000,0
1256011200000,0
1256097600000,0
1256184000000,0
1256270400000,0
1256356800000,0
1256443200000,0
1256529600000,0
1256616000000,0
1256702400000,0
1256788800000,0
1256875200000,0
1256961600000,0
1257048000000,0
1257138000000,0
1257224400000,0
1257310800000,0
1257397200000,0
1257483600000,0
1257570000000,0
1257656400000,0
1257742800000,0
1257829200000,0
1257915600000,0
1258002000000,0
1258088400000,0
1258174800000,0
1258261200000,0
1258347600000,0
1258434000000,0
1258520400000,0
1258606800000,0
1258693200000,0
1258779600000,0
1258866000000,0
1258952400000,0
1259038800000,0
1259125200000,0
1259211600000,0
1259298000000,0
1259384400000,0
1259470800000,0
1259557200000,0
1259643600000,0
1259730000000,0
1259816400000,0
1259902800000,0
1259989200000,0
1260075600000,0
1260162000000,0
1260248400000,0
1260334800000,0
1260421200000,0
1260507600000,0
1260594000000,0
1260680400000,0
1260766800000,0
1260853200000,0
1260939600000,0
1261026000000,0
1261112400000,0
1261198800000,0
1261285200000,0
1261371600000,0
1261458000000,0
1261544400000,0
1261630800000,0
1261717200000,5.7
1261803600000,0
1261890000000,0
1261976400000,17.7
1262062800000,0.5
1262149200000,24
1262235600000,0