949381200000,1146.14
949467600000,1146.09
949554000000,1146.15
949640400000,1146.93
949726800000,1146.08
949813200000,1146.15
949899600000,1146.11
949986000000,1146.06
950072400000,1146.06
950158800000,1146.08
950245200000,1146.09
950331600000,1146.06
950418000000,1146.07
950504400000,1146.04
950590800000,1146.08
950677200000,1146.12
950763600000,1146.15
950850000000,1146.11
950936400000,1146.07
951022800000,1146.13
951109200000,1146.08
951195600000,1146.13
951282000000,1146.11
951368400000,1146.11
951454800000,1146.1
951541200000,1146.06
951627600000,1146.03
951714000000,1146.05
951800400000,1146
951886800000,1146.07
951973200000,1146.08
952059600000,1146.13
952146000000,1146.11
952232400000,1146.09
952318800000,1146.01
952405200000,1146.03
952491600000,1146.13
952578000000,1145.87
952664400000,1145.87
952750800000,1145.97
952837200000,1146.12
952923600000,1145.46
953010000000,1145.29
953096400000,1144.84
953182800000,1145.09
953269200000,1145.54
953355600000,1145.87
953442000000,1146.04
953528400000,1145.92
953614800000,1146.11
953701200000,1146.25
953787600000,1146.25
953874000000,1146.15
953960400000,1146.23
954046800000,1146.11
954133200000,1146.1
954219600000,1146.12
954306000000,1146.11
954392400000,1146.36
954478800000,1146.26
954565200000,1146.13
954651600000,1146.08
954734400000,1146.15
954820800000,1146.21
954907200000,1146.14
954993600000,1146.05
955080000000,1146.17
955166400000,1146.35
955252800000,1146.17
955339200000,1146.22
955425600000,1146.14
955512000000,1146.23
955598400000,1146.25
955684800000,1146.23
955771200000,1146.15
955857600000,1146.2
955944000000,1146.16
956030400000,1146.12
956116800000,1146.17
956203200000,1146.18
956289600000,1146.11
956376000000,1145.75
956462400000,1145.85
956548800000,1145.91
956635200000,1146.13
956721600000,1146.03
956808000000,1145.86
956894400000,1145.89
956980800000,1146.02
957067200000,1146.16
957153600000,1146.1
957240000000,1146.02
957326400000,1146.1
957412800000,1146.08
957499200000,1146.17
957585600000,1146.09
957672000000,1146.18
957758400000,1146.14
957844800000,1145.96
957931200000,1145.72
958017600000,1145.18
958104000000,1146.05
958190400000,1145.92
958276800000,1146.11
958363200000,1146.05
958449600000,1146.07
958536000000,1146.02
958622400000,1145.89
958708800000,1145.81
958795200000,1145.93
958881600000,1145.93
958968000000,1145.43
959054400000,1145.09
959140800000,1144.44
959227200000,1144.83
959313600000,1144.82
959400000000,1144.88
959486400000,1145.37
959572800000,1144.21
959659200000,1144.82
959745600000,1144.46
959832000000,1143.82
959918400000,1143.77
960004800000,1144.02
960091200000,1144.54
960177600000,1144.09
960264000000,1143.17
960350400000,1142.97
960436800000,1142.75
960523200000,1142.82
960609600000,1145.11
960696000000,1143.83
960782400000,1143.17
960868800000,1142.76
960955200000,1142.23
961041600000,1142.37
961128000000,1142.14
961214400000,1141.95
961300800000,1143.35
961387200000,1144.54
961473600000,1144.81
961560000000,1144.34
961646400000,1144
961732800000,1143.76
961819200000,1143.66
961905600000,1143.84
961992000000,1143.48
962078400000,1143.23
962164800000,1143.02
962251200000,1143.25
962337600000,1143.52
962424000000,1143.26
962510400000,1143.76
962596800000,1143.6
962683200000,1143.37
962769600000,1142.91
962856000000,1143.06
962942400000,1142.99
963028800000,1143.52
963115200000,1144.35
963201600000,1144.56
963288000000,1143.45
963374400000,1142.72
963460800000,1142.69
963547200000,1142.97
963633600000,1143.45
963720000000,1143.5
963806400000,1143.2
963892800000,1142.86
963979200000,1142.91
964065600000,1142.91
964152000000,1142.69
964238400000,1142.83
964324800000,1142.92
964411200000,1143.06
964497600000,1143.2
964584000000,1142.94
964670400000,1142.63
964756800000,1142.87
964843200000,1143.01
964929600000,1143.17
965016000000,1143.09
965102400000,1143.37
965188800000,1143.69
965275200000,1143.26
965361600000,1142.73
965448000000,1142.96
965534400000,1143.3
965620800000,1142.73
965707200000,1142.54
965793600000,1142.62
965880000000,1142.27
965966400000,1142.44
966052800000,1142.78
966139200000,1143.61
966225600000,1143.5
966312000000,1142.94
966398400000,1142.72
966484800000,1142.52
966571200000,1142.24
966657600000,1142.24
966744000000,1142.36
966830400000,1142.03
966916800000,1142.52
967003200000,1142.57
967089600000,1142.49
967176000000,1142.92
967262400000,1143.64
967348800000,1144.25
967435200000,1142.29
967521600000,1144.44
967608000000,1144.4
967694400000,1143.86
967780800000,1143.33
967867200000,1143.24
967953600000,1143.65
968040000000,1143.47
968126400000,1143.08
968212800000,1142.41
968299200000,1142.21
968385600000,1142.05
968472000000,1142.66
968558400000,1142.88
968644800000,1142.57
968731200000,1142.24
968817600000,1142.93
968904000000,1142.12
968990400000,1142.04
969076800000,1142.28
969163200000,1142.47
969249600000,1141.95
969336000000,1142.29
969422400000,1142.04
969508800000,1142.5
969595200000,1142.87
969681600000,1142.62
969768000000,1143.45
969854400000,1143.22
969940800000,1143.18
970027200000,1143.02
970113600000,1142.79
970200000000,1142.55
970286400000,1142.86
970372800000,1143.07
970459200000,1143.04
970545600000,1143.11
970632000000,1143.12
970718400000,1142.92
970804800000,1143.28
970891200000,1142.61
970977600000,1142.3
971064000000,1141.95
971150400000,1142.72
971236800000,1143.38
971323200000,1143.38
971409600000,1142.92
971496000000,1143.35
971582400000,1143.22
971668800000,1143.23
971755200000,1142.76
971841600000,1142.44
971928000000,1142.76
972014400000,1143.38
972100800000,1143.6
972187200000,1143.97
972273600000,1143.72
972360000000,1143.77
972446400000,1143.29
972532800000,1143.09
972619200000,1143.29
972705600000,1143.18
972792000000,1143.8
972882000000,1143.73
972968400000,1143.46
973054800000,1142.9
973141200000,1142.4
973227600000,1142.19
973314000000,1142.19
973400400000,1143.18
973486800000,1142.84
973573200000,1142.48
973659600000,1141.68
973746000000,1141.55
973832400000,1141.63
973918800000,1142.37
974005200000,1143.11
974091600000,1143.04
974178000000,1142.7
974264400000,1142.29
974350800000,1142.13
974437200000,1142.77
974523600000,1144.02
974610000000,1144.2
974696400000,1143.74
974782800000,1143.63
974869200000,1143.86
974955600000,1143.6
975042000000,1144.28
975128400000,1145.27
975214800000,1144.18
975301200000,1144.06
975387600000,1144.78
975474000000,1144.21
975560400000,1144.46
975646800000,1144.06
975733200000,1144.96
975819600000,1145.17
975906000000,1144.48
975992400000,1143.29
976078800000,1143.81
976165200000,1144.47
976251600000,1144.3
976338000000,1144.06
976424400000,1143.83
976510800000,1142.61
976597200000,1142.15
976683600000,1143.35
976770000000,1144.98
976856400000,1145.44
976942800000,1144.69
977029200000,1144.17
977115600000,1144.11
977202000000,1143.63
977288400000,1142.5
977374800000,1143.72
977461200000,1145.79
977547600000,1144.1
977634000000,1144.39
977720400000,1144.94
977806800000,1144.8
977893200000,1143.72
977979600000,1144.75
978066000000,1145.33
978152400000,1145.16
978238800000,1145.45
978325200000,1145.1
978411600000,1144.94
978498000000,1144.93
978584400000,1144.6
978670800000,1143.64
978757200000,1143.5
978843600000,1145.12
978930000000,1145.66
979016400000,1146.18
979102800000,1145.43
979189200000,1145.48
979275600000,1145.38
979362000000,1145.77
979448400000,1145.34
979534800000,1145.51
979621200000,1145.38
979707600000,1144.89
979794000000,1144.45
979880400000,1145.42
979966800000,1144.72
980053200000,1144.45
980139600000,1143.73
980226000000,1143.6
980312400000,1143.07
980398800000,1144.11
980485200000,1144.65
980571600000,1144.1
980658000000,1144.61
980744400000,1144.12
980830800000,1143.75
980917200000,1143.67
981003600000,1143.56
981090000000,1143.57
981176400000,1143.35
981262800000,1144.65
981349200000,1144.18
981435600000,1143.54
981522000000,1143.15
981608400000,1144.11
981694800000,1143.57
981781200000,1144.08
981867600000,1145.25
981954000000,1144
982040400000,1143.25
982126800000,1143.73
982213200000,1144.25
982299600000,1144.48
982386000000,1145.15
982472400000,1145.81
982558800000,1145.45
982645200000,1144.8
982731600000,1144.18
982818000000,1144.28
982904400000,1144.45
982990800000,1145.61
983077200000,1145.34
983163600000,1144
983250000000,1143.77
983336400000,1143.68
983422800000,1143.8
983509200000,1144.08
983595600000,1143.42
983682000000,1143.72
983768400000,1142.97
983854800000,1143.15
983941200000,1143.19
984027600000,1143.53
984114000000,1142.65
984200400000,1143.68
984286800000,1144.37
984373200000,1143.24
984459600000,1142.77
984546000000,1142.82
984632400000,1142.95
984718800000,1144.39
984805200000,1144.71
984891600000,1145.3
984978000000,1143.73
985064400000,1143.78
985150800000,1143.08
985237200000,1142.89
985323600000,1143.41
985410000000,1145.02
985496400000,1144.54
985582800000,1143.37
985669200000,1142.45
985755600000,1142.21
985842000000,1143.46
985928400000,1146.21
986014800000,1145.78
986101200000,1146.05
986184000000,1145.91
986270400000,1145.77
986356800000,1146.11
986443200000,1146.19
986529600000,1146.07
986616000000,1145.89
986702400000,1146.03
986788800000,1145.92
986875200000,1146.24
986961600000,1146.23
987048000000,1146.16
987134400000,1146.09
987220800000,1146.09
987307200000,1146.17
987393600000,1146.28
987480000000,1146.21
987566400000,1146.24
987652800000,1146.22
987739200000,1146.19
987825600000,1146.45
987912000000,1146.34
987998400000,1146.32
988084800000,1146.45
988171200000,1146.27
988257600000,1146.27
988344000000,1146.35
988430400000,1146.27
988516800000,1146.33
988603200000,1146.23
988689600000,1146.28
988776000000,1146.14
988862400000,1146.18
988948800000,1146.2
989035200000,1146
989121600000,1146.18
989208000000,1146.03
989294400000,1146.13
989380800000,1146.14
989467200000,1146.14
989553600000,1146.21
989640000000,1146.16
989726400000,1146.18
989812800000,1146.14
989899200000,1146.04
989985600000,1145.95
990072000000,1145.97
990158400000,1145.76
990244800000,1145.83
990331200000,1146.14
990417600000,1145.99
990504000000,1145.94
990590400000,1146.1
990676800000,1146.05
990763200000,1145.83
990849600000,1145.91
990936000000,1146.11
991022400000,1146.1
991108800000,1145.93
991195200000,1145.41
991281600000,1145.31
991368000000,1144.17
991454400000,1144.74
991540800000,1145.77
991627200000,1145.1
991713600000,1145.77
991800000000,1145.13
991886400000,1144.87
991972800000,1144.89
992059200000,1145.1
992145600000,1145.76
992232000000,1145.36
992318400000,1144.37
992404800000,1143.29
992491200000,1143.22
992577600000,1143.49
992664000000,1143.83
992750400000,1145.43
992836800000,1145.34
992923200000,1144.99
993009600000,1144.82
993096000000,1145.41
993182400000,1145.26
993268800000,1145.5
993355200000,1145.65
993441600000,1145.24
993528000000,1144.48
993614400000,1144.4
993700800000,1144.51
993787200000,1144.37
993873600000,1144.94
993960000000,1145.63
994046400000,1145.24
994132800000,1145.02
994219200000,1145.96
994305600000,1144.5
994392000000,1144.91
994478400000,1144.85
994564800000,1145.54
994651200000,1145.38
994737600000,1144.56
994824000000,1144
994910400000,1144.73
994996800000,1144.91
995083200000,1145.1
995169600000,1145.49
995256000000,1145.34
995342400000,1145.1
995428800000,1145.09
995515200000,1145.21
995601600000,1144.88
995688000000,1145.05
995774400000,1144.87
995860800000,1144.64
995947200000,1144.66
996033600000,1145.32
996120000000,1145.54
996206400000,1144.88
996292800000,1145.61
996379200000,1144.67
996465600000,1145.24
996552000000,1144.81
996638400000,1145.05
996724800000,1145.68
996811200000,1145.53
996897600000,1145.49
996984000000,1145.77
997070400000,1145.02
997156800000,1144.65
997243200000,1144.68
997329600000,1144.68
997416000000,1144.17
997502400000,1144.14
997588800000,1144.25
997675200000,1143.9
997761600000,1143.7
997848000000,1143.66
997934400000,1143.7
998020800000,1143.49
998107200000,1143.07
998193600000,1143.31
998280000000,1142.98
998366400000,1142.7
998452800000,1142.57
998539200000,1142.25
998625600000,1141.67
998712000000,1142.29
998798400000,1142.8
998884800000,1142.26
998971200000,1142.16
999057600000,1141.88
999144000000,1141.56
999230400000,1141.7
999316800000,1142.89
999403200000,1143.46
999489600000,1142.72
999576000000,1142.3
999662400000,1141.83
999748800000,1141.89
999835200000,1142.38
999921600000,1142.68
1000008000000,1143.29
1000094400000,1142.3
1000180800000,1141.58
1000267200000,1141.76
1000353600000,1141.94
1000440000000,1142.29
1000526400000,1142.36
1000612800000,1142.52
1000699200000,1141.7
1000785600000,1141.82
1000872000000,1142.07
1000958400000,1142.64
1001044800000,1142.6
1001131200000,1143.45
1001217600000,1144.57
1001304000000,1144.31
1001390400000,1144.39
1001476800000,1144.19
1001563200000,1144.31
1001649600000,1143.93
1001736000000,1144.05
1001822400000,1145.12
1001908800000,1145.02
1001995200000,1144.11
1002081600000,1143.15
1002168000000,1142.44
1002254400000,1141.91
1002340800000,1142.3
1002427200000,1143.33
1002513600000,1143.02
1002600000000,1142.45
1002686400000,1141.63
1002772800000,1142.43
1002859200000,1142.36
1002945600000,1142.9
1003032000000,1144
1003118400000,1142.62
1003204800000,1141.96
1003291200000,1141.59
1003377600000,1141.49
1003464000000,1141.31
1003550400000,1141.67
1003636800000,1141.84
1003723200000,1142.14
1003809600000,1141.89
1003896000000,1141.56
1003982400000,1141.37
1004068800000,1141.37
1004155200000,1142.38
1004241600000,1143.41
1004331600000,1143.38
1004418000000,1143.69
1004504400000,1143.26
1004590800000,1143.35
1004677200000,1142.43
1004763600000,1141.8
1004850000000,1142.92
1004936400000,1141.88
1005022800000,1141.57
1005109200000,1141.47
1005195600000,1141.36
1005282000000,1141.39
1005368400000,1141.91
1005454800000,1142.04
1005541200000,1141.36
1005627600000,1141.42
1005714000000,1141.56
1005800400000,1141.36
1005886800000,1141.32
1005973200000,1141.46
1006059600000,1142.23
1006146000000,1142.22
1006232400000,1142.16
1006318800000,1141.96
1006405200000,1141.89
1006491600000,1141.46
1006578000000,1142.1
1006664400000,1142.71
1006750800000,1142.49
1006837200000,1141.65
1006923600000,1141.23
1007010000000,1141.34
1007096400000,1141.14
1007182800000,1141.63
1007269200000,1142.02
1007355600000,1141.37
1007442000000,1141.29
1007528400000,1141.17
1007614800000,1141.18
1007701200000,1141.4
1007787600000,1142.16
1007874000000,1143.13
1007960400000,1143.18
1008046800000,1141.06
1008133200000,1141.1
1008219600000,1141.68
1008306000000,1141.79
1008392400000,1142.38
1008478800000,1143.42
1008565200000,1144.13
1008651600000,1144.48
1008738000000,1144.39
1008824400000,1144.03
1008910800000,1144.34
1008997200000,1144.69
1009083600000,1144.86
1009170000000,1144.25
1009256400000,1143.34
1009342800000,1144.28
1009429200000,1143.26
1009515600000,1142.86
1009602000000,1143
1009688400000,1143.89
1009774800000,1144.01
1009861200000,1144.34
1009947600000,1143.94
1010034000000,1142.67
1010120400000,1142.79
1010206800000,1142
1010293200000,1144.26
1010379600000,1143.76
1010466000000,1143.59
1010552400000,1143.12
1010638800000,1143.18
1010725200000,1143.22
1010811600000,1143.18
1010898000000,1143.79
1010984400000,1145.69
1011070800000,1144.49
1011157200000,1143.27
1011243600000,1141.82
1011330000000,1142.85
1011416400000,1143.77
1011502800000,1144.97
1011589200000,1144.44
1011675600000,1143.88
1011762000000,1143.26
1011848400000,1141.92
1011934800000,1142.6
1012021200000,1143
1012107600000,1142.87
1012194000000,1141.93
1012280400000,1142.44
1012366800000,1142.5
1012453200000,1142
1012539600000,1141.91
1012626000000,1143.52
1012712400000,1145.1
1012798800000,1143.47
1012885200000,1141.74
1012971600000,1141.6
1013058000000,1142.18
1013144400000,1143.17
1013230800000,1144.31
1013317200000,1144.55
1013403600000,1144.69
1013490000000,1145.47
1013576400000,1144.49
1013662800000,1144.15
1013749200000,1143.7
1013835600000,1143.63
1013922000000,1144.22
1014008400000,1143.64
1014094800000,1141.91
1014181200000,1141.75
1014267600000,1143.38
1014354000000,1144.18
1014440400000,1144.68
1014526800000,1144.68
1014613200000,1143.96
1014699600000,1142.25
1014786000000,1141.93
1014872400000,1142.78
1014958800000,1144.74
1015045200000,1144.6
1015131600000,1146.02
1015218000000,1145.61
1015304400000,1145.37
1015390800000,1143.82
1015477200000,1143.28
1015563600000,1142.67
1015650000000,1142.67
1015736400000,1143.74
1015822800000,1143.86
1015909200000,1144.7
1015995600000,1144.17
1016082000000,1144.03
1016168400000,1144.98
1016254800000,1145.15
1016341200000,1145.41
1016427600000,1144.9
1016514000000,1144.34
1016600400000,1143.32
1016686800000,1143.72
1016773200000,1144.76
1016859600000,1145.68
1016946000000,1145.34
1017032400000,1145.52
1017118800000,1145.6
1017205200000,1145.49
1017291600000,1144.64
1017378000000,1144.16
1017464400000,1144.73
1017550800000,1145.99
1017637200000,1146.31
1017723600000,1146.4
1017810000000,1146.35
1017896400000,1146.4
1017982800000,1146.42
1018069200000,1146.41
1018155600000,1146.48
1018238400000,1146.57
1018324800000,1146.5
1018411200000,1146.57
1018497600000,1146.5
1018584000000,1146.6
1018670400000,1146.59
1018756800000,1146.5
1018843200000,1146.46
1018929600000,1146.5
1019016000000,1146.44
1019102400000,1146.5
1019188800000,1146.5
1019275200000,1146.49
1019361600000,1146.54
1019448000000,1146.4
1019534400000,1146.41
1019620800000,1146.31
1019707200000,1146.34
1019793600000,1146.35
1019880000000,1146.34
1019966400000,1146.34
1020052800000,1146.29
1020139200000,1146.35
1020225600000,1146.35
1020312000000,1146.31
1020398400000,1146.36
1020484800000,1146.24
1020571200000,1146.31
1020657600000,1146.35
1020744000000,1146.39
1020830400000,1146.4
1020916800000,1146.34
1021003200000,1146.1
1021089600000,1146.17
1021176000000,1146.11
1021262400000,1146.24
1021348800000,1146.02
1021435200000,1146.12
1021521600000,1146
1021608000000,1145.75
1021694400000,1146.01
1021780800000,1146.23
1021867200000,1146.15
1021953600000,1146.25
1022040000000,1146.2
1022126400000,1146.04
1022212800000,1146
1022299200000,1146.09
1022385600000,1146.02
1022472000000,1146.13
1022558400000,1145.95
1022644800000,1145.81
1022731200000,1145.62
1022817600000,1145.58
1022904000000,1146.13
1022990400000,1145.4
1023076800000,1144.81
1023163200000,1144.63
1023249600000,1144.56
1023336000000,1146.2
1023422400000,1145.72
1023508800000,1146.14
1023595200000,1146.17
1023681600000,1145.29
1023768000000,1145.44
1023854400000,1145.07
1023940800000,1145.72
1024027200000,1145.27
1024113600000,1145.65
1024200000000,1145.9
1024286400000,1145.09
1024372800000,1144.35
1024459200000,1143.35
1024545600000,1143.22
1024632000000,1143.39
1024718400000,1144.28
1024804800000,1145.27
1024891200000,1145.49
1024977600000,1146.2
1025064000000,1145.61
1025150400000,1145.47
1025236800000,1144.99
1025323200000,1145.04
1025409600000,1145.47
1025496000000,1145.8
1025582400000,1145.83
1025668800000,1144.97
1025755200000,1144.06
1025841600000,1144.42
1025928000000,1145.21
1026014400000,1145.66
1026100800000,1144.69
1026187200000,1145
1026273600000,1145.1
1026360000000,1144.46
1026446400000,1144.01
1026532800000,1143.93
1026619200000,1144.72
1026705600000,1143.91
1026792000000,1143.77
1026878400000,1144.21
1026964800000,1144.03
1027051200000,1143.93
1027137600000,1144.82
1027224000000,1145.93
1027310400000,1145.71
1027396800000,1145.6
1027483200000,1145.22
1027569600000,1145.3
1027656000000,1145.21
1027742400000,1145.22
1027828800000,1145.63
1027915200000,1145.53
1028001600000,1145.1
1028088000000,1144.29
1028174400000,1144.21
1028260800000,1144.15
1028347200000,1144.75
1028433600000,1145.27
1028520000000,1144.93
1028606400000,1145.02
1028692800000,1144.79
1028779200000,1145.57
1028865600000,1145.04
1028952000000,1145.33
1029038400000,1144.3
1029124800000,1143.7
1029211200000,1144.11
1029297600000,1144.52
1029384000000,1145.23
1029470400000,1145.27
1029556800000,1145.35
1029643200000,1145.31
1029729600000,1144.94
1029816000000,1144.66
1029902400000,1144.62
1029988800000,1144.34
1030075200000,1144.1
1030161600000,1144.92
1030248000000,1145.45
1030334400000,1145.46
1030420800000,1144.92
1030507200000,1145.17
1030593600000,1145.29
1030680000000,1145.25
1030766400000,1145.32
1030852800000,1145.46
1030939200000,1145.36
1031025600000,1145.41
1031112000000,1144.91
1031198400000,1144.62
1031284800000,1143.9
1031371200000,1144.29
1031457600000,1144.92
1031544000000,1145.13
1031630400000,1144.79
1031716800000,1144.58
1031803200000,1145.06
1031889600000,1144.87
1031976000000,1145.38
1032062400000,1145.61
1032148800000,1145.06
1032235200000,1145.3
1032321600000,1145.41
1032408000000,1145.32
1032494400000,1144.9
1032580800000,1144.35
1032667200000,1144.42
1032753600000,1143.75
1032840000000,1142.49
1032926400000,1142.22
1033012800000,1142.33
1033099200000,1142.56
1033185600000,1143.21
1033272000000,1142.75
1033358400000,1142.13
1033444800000,1141.96
1033531200000,1141.83
1033617600000,1141.8
1033704000000,1141.79
1033790400000,1142.44
1033876800000,1143.26
1033963200000,1142.96
1034049600000,1142.4
1034136000000,1142.49
1034222400000,1142.31
1034308800000,1141.99
1034395200000,1142.17
1034481600000,1143.12
1034568000000,1143.82
1034654400000,1143
1034740800000,1142.16
1034827200000,1142.35
1034913600000,1142.82
1035000000000,1142.42
1035086400000,1143.01
1035172800000,1142.5
1035259200000,1142.26
1035345600000,1142.47
1035432000000,1142.52
1035518400000,1142.44
1035604800000,1142.9
1035691200000,1143.73
1035781200000,1142.88
1035867600000,1143.08
1035954000000,1143.85
1036040400000,1143.73
1036126800000,1143.75
1036213200000,1143.13
1036299600000,1143.57
1036386000000,1143.07
1036472400000,1142.75
1036558800000,1142.56
1036645200000,1142.56
1036731600000,1142.95
1036818000000,1143.61
1036904400000,1144.44
1036990800000,1143.85
1037077200000,1142.86
1037163600000,1142.99
1037250000000,1143.05
1037336400000,1142.98
1037422800000,1143.18
1037509200000,1143.04
1037595600000,1142.16
1037682000000,1142.53
1037768400000,1142.52
1037854800000,1142.61
1037941200000,1142.49
1038027600000,1143.07
1038114000000,1142.32
1038200400000,1141.65
1038286800000,1141.85
1038373200000,1143.32
1038459600000,1143.28
1038546000000,1141.62
1038632400000,1141.36
1038718800000,1142.81
1038805200000,1142
1038891600000,1142.14
1038978000000,1142.35
1039064400000,1142.54
1039150800000,1143.34
1039237200000,1143.21
1039323600000,1143.06
1039410000000,1142.36
1039496400000,1141.9
1039582800000,1141.99
1039669200000,1142
1039755600000,1142.44
1039842000000,1142.08
1039928400000,1142.57
1040014800000,1142.73
1040101200000,1142.61
1040187600000,1142.11
1040274000000,1142.47
1040360400000,1141.54
1040446800000,1145.98
1040533200000,1145.44
1040619600000,1145.6
1040706000000,1145.21
1040792400000,1145.46
1040878800000,1145.2
1040965200000,1144.86
1041051600000,1145.03
1041138000000,1145.2
1041224400000,1144.8
1041310800000,1144.65
1041397200000,1145.38
1041483600000,1144.35
1041570000000,1144.74
1041656400000,1144.76
1041742800000,1145.5
1041829200000,1145.03
1041915600000,1145.46
1042002000000,1145.41
1042088400000,1144.62
1042174800000,1144.39
1042261200000,1145.86
1042347600000,1146.16
1042434000000,1146.18
1042520400000,1145.13
1042606800000,1146.1
1042693200000,1145.7
1042779600000,1146.2
1042866000000,1145.72
1042952400000,1145.82
1043038800000,1144.47
1043125200000,1142.63
1043211600000,1141.85
1043298000000,1142.1
1043384400000,1142.11
1043470800000,1142.54
1043557200000,1143.23
1043643600000,1141.84
1043730000000,1142.35
1043816400000,1143.11
1043902800000,1142.08
1043989200000,1142.22
1044075600000,1142.25
1044162000000,1141.88
1044248400000,1142.18
1044334800000,1142.08
1044421200000,1141.67
1044507600000,1142.87
1044594000000,1142.78
1044680400000,1142.96
1044766800000,1142.35
1044853200000,1143.04
1044939600000,1143.39
1045026000000,1145.03
1045112400000,1145.42
1045198800000,1144.87
1045285200000,1144.41
1045371600000,1145.44
1045458000000,1145.02
1045544400000,1144.46
1045630800000,1143.92
1045717200000,1144.62
1045803600000,1145.95
1045890000000,1144.87
1045976400000,1145.88
1046062800000,1145.14
1046149200000,1141.99
1046235600000,1142.42
1046322000000,1142.64
1046408400000,1141.93
1046494800000,1142.09
1046581200000,1142.03
1046667600000,1141.9
1046754000000,1142.42
1046840400000,1142.32
1046926800000,1142.64
1047013200000,1142.01
1047099600000,1142.36
1047186000000,1142.82
1047272400000,1142.04
1047358800000,1142.59
1047445200000,1142.32
1047531600000,1142.5
1047618000000,1142.11
1047704400000,1141.99
1047790800000,1143.6
1047877200000,1142.81
1047963600000,1141.91
1048050000000,1142.16
1048136400000,1142.59
1048222800000,1142.4
1048309200000,1143.04
1048395600000,1144.01
1048482000000,1143.18
1048568400000,1143.31
1048654800000,1143.19
1048741200000,1142.46
1048827600000,1142.6
1048914000000,1144.86
1049000400000,1145.21
1049086800000,1144.84
1049173200000,1144.34
1049259600000,1145.13
1049346000000,1146.31
1049432400000,1146.19
1049518800000,1146.24
1049605200000,1146.19
1049688000000,1145.92
1049774400000,1145.3
1049860800000,1144.31
1049947200000,1144.62
1050033600000,1145.47
1050120000000,1144.17
1050206400000,1146.2
1050292800000,1145.83
1050379200000,1145.39
1050465600000,1144.44
1050552000000,1144.43
1050638400000,1144.42
1050724800000,1144.2
1050811200000,1144.87
1050897600000,1145.2
1050984000000,1144.34
1051070400000,1144.1
1051156800000,1143.69
1051243200000,1143.72
1051329600000,1144.27
1051416000000,1144.18
1051502400000,1143.58
1051588800000,1143.27
1051675200000,1142.35
1051761600000,1142.31
1051848000000,1143.41
1051934400000,1144.36
1052020800000,1145.04
1052107200000,1143.83
1052193600000,1142.78
1052280000000,1142.17
1052366400000,1142.6
1052452800000,1142.76
1052539200000,1143.3
1052625600000,1143.31
1052712000000,1143.26
1052798400000,1142.44
1052884800000,1143.08
1052971200000,1144.15
1053057600000,1145.18
1053144000000,1145.49
1053230400000,1145.55
1053316800000,1145.24
1053403200000,1144.86
1053489600000,1145.04
1053576000000,1145.24
1053662400000,1145.64
1053748800000,1145.62
1053835200000,1145.64
1053921600000,1145.65
1054008000000,1145.56
1054094400000,1145.58
1054180800000,1145.6
1054267200000,1145.75
1054353600000,1145.87
1054440000000,1145.74
1054526400000,1144.7
1054612800000,1143.66
1054699200000,1142.44
1054785600000,1142.64
1054872000000,1143.72
1054958400000,1145.23
1055044800000,1145.47
1055131200000,1143.88
1055217600000,1143.52
1055304000000,1143.2
1055390400000,1142.54
1055476800000,1142.61
1055563200000,1143.16
1055649600000,1143.84
1055736000000,1143.63
1055822400000,1142.61
1055908800000,1142.9
1055995200000,1142.63
1056081600000,1142.76
1056168000000,1143.22
1056254400000,1142.97
1056340800000,1142.63
1056427200000,1142.47
1056513600000,1142.8
1056600000000,1142.6
1056686400000,1142.55
1056772800000,1142.9
1056859200000,1143.71
1056945600000,1142.95
1057032000000,1143.82
1057118400000,1144.66
1057204800000,1144.49
1057291200000,1144.41
1057377600000,1145.11
1057464000000,1145.67
1057550400000,1145.49
1057636800000,1145.24
1057723200000,1145.25
1057809600000,1145.38
1057896000000,1145.2
1057982400000,1145.06
1058068800000,1145.57
1058155200000,1145.1
1058241600000,1144.49
1058328000000,1144.6
1058414400000,1144.33
1058500800000,1143.9
1058587200000,1143.69
1058673600000,1144.2
1058760000000,1143.75
1058846400000,1143.69
1058932800000,1143.38
1059019200000,1143.19
1059105600000,1143.4
1059192000000,1143.89
1059278400000,1143.83
1059364800000,1143.8
1059451200000,1143.96
1059537600000,1143.73
1059624000000,1143.55
1059710400000,1143.69
1059796800000,1143.54
1059883200000,1144.38
1059969600000,1144.52
1060056000000,1144.55
1060142400000,1144.42
1060228800000,1144.3
1060315200000,1144.85
1060401600000,1145.1
1060488000000,1145.19
1060574400000,1144.88
1060660800000,1144.91
1060747200000,1145.25
1060833600000,1145.01
1060920000000,1144.68
1061006400000,1144.78
1061092800000,1145.2
1061179200000,1144.97
1061265600000,1144.45
1061352000000,1144.26
1061438400000,1143.78
1061524800000,1144.21
1061611200000,1144.73
1061697600000,1145.15
1061784000000,1145.11
1061870400000,1144.99
1061956800000,1144.74
1062043200000,1144.54
1062129600000,1143.86
1062216000000,1143.3
1062302400000,1143.59
1062388800000,1142.42
1062475200000,1141.78
1062561600000,1142.33
1062648000000,1142.45
1062734400000,1142.61
1062820800000,1142.31
1062907200000,1142.86
1062993600000,1143.55
1063080000000,1143.92
1063166400000,1144.38
1063252800000,1144.61
1063339200000,1144.17
1063425600000,1144.12
1063512000000,1144.07
1063598400000,1143.96
1063684800000,1143.47
1063771200000,1143.22
1063857600000,1143.45
1063944000000,1143.38
1064030400000,1143.92
1064116800000,1144.75
1064203200000,1144.48
1064289600000,1144.21
1064376000000,1143.62
1064462400000,1143.46
1064548800000,1143.43
1064635200000,1143.68
1064721600000,1144.76
1064808000000,1144.39
1064894400000,1143.45
1064980800000,1142.59
1065067200000,1142.03
1065153600000,1141.88
1065240000000,1142.51
1065326400000,1143.45
1065412800000,1143.67
1065499200000,1143.75
1065585600000,1144.16
1065672000000,1144.16
1065758400000,1144.16
1065844800000,1144.69
1065931200000,1145.24
1066017600000,1144.5
1066104000000,1144.68
1066190400000,1144.15
1066276800000,1143.52
1066363200000,1142.92
1066449600000,1142.89
1066536000000,1144.06
1066622400000,1143.64
1066708800000,1143.58
1066795200000,1143.15
1066881600000,1142.56
1066968000000,1142.25
1067054400000,1143.36
1067140800000,1143.77
1067230800000,1143.09
1067317200000,1142.96
1067403600000,1142.71
1067490000000,1141.59
1067576400000,1141.82
1067662800000,1142.08
1067749200000,1142.81
1067835600000,1142.84
1067922000000,1142.59
1068008400000,1143.07
1068094800000,1143.22
1068181200000,1141.95
1068267600000,1142.15
1068354000000,1142.55
1068440400000,1141.94
1068526800000,1141.94
1068613200000,1141.85
1068699600000,1142.02
1068786000000,1142.22
1068872400000,1141.88
1068958800000,1142.48
1069045200000,1141.5
1069131600000,1141.72
1069218000000,1142.11
1069304400000,1142.17
1069390800000,1142.24
1069477200000,1142.67
1069563600000,1143.17
1069650000000,1142.02
1069736400000,1141.6
1069822800000,1142.37
1069909200000,1142.87
1069995600000,1142.44
1070082000000,1142.52
1070168400000,1143.38
1070254800000,1143
1070341200000,1143.15
1070427600000,1143.31
1070514000000,1143.55
1070600400000,1143.76
1070686800000,1144.41
1070773200000,1144.44
1070859600000,1143.19
1070946000000,1143
1071032400000,1142.63
1071118800000,1142.15
1071205200000,1142.87
1071291600000,1144.52
1071378000000,1145.27
1071464400000,1144.82
1071550800000,1145.24
1071637200000,1145.18
1071723600000,1144.41
1071810000000,1144.71
1071896400000,1144.31
1071982800000,1144.45
1072069200000,1144.52
1072155600000,1143.87
1072242000000,1143.8
1072328400000,1144.21
1072414800000,1144.4
1072501200000,1144.16
1072587600000,1144.87
1072674000000,1145.04
1072760400000,1144.86
1072846800000,1144.72
1072933200000,1144.93
1073019600000,1144.98
1073106000000,1144.96
1073192400000,1145.45
1073278800000,1144.14
1073365200000,1144.54
1073451600000,1145.07
1073538000000,1144.55
1073624400000,1145.66
1073710800000,1144.91
1073797200000,1145.16
1073883600000,1145.31
1073970000000,1144.52
1074056400000,1144.73
1074142800000,1145.42
1074229200000,1145.02
1074315600000,1144.54
1074402000000,1145.38
1074488400000,1145.08
1074574800000,1145
1074661200000,1144.07
1074747600000,1144.51
1074834000000,1144.03
1074920400000,1144.31
1075006800000,1143.23
1075093200000,1143.43
1075179600000,1143.03
1075266000000,1142.96
1075352400000,1142.98
1075438800000,1142.36
1075525200000,1143.33
1075611600000,1145.63
1075698000000,1143.45
1075784400000,1142.85
1075870800000,1142.47
1075957200000,1144.13
1076043600000,1145.2
1076130000000,1145.33
1076216400000,1144.56
1076302800000,1146.26
1076389200000,1146.39
1076475600000,1146.19
1076562000000,1144.77
1076648400000,1143.62
1076734800000,1143.65
1076821200000,1144.17
1076907600000,1142.7
1076994000000,1144.82
1077080400000,1144.83
1077166800000,1142.92
1077253200000,1143.26
1077339600000,1144.65
1077426000000,1145.8
1077512400000,1146.26
1077598800000,1146.39
1077685200000,1146.19
1077771600000,1144.77
1077858000000,1143.62
1077944400000,1143.65
1078030800000,1144.65
1078117200000,1144.55
1078203600000,1144.47
1078290000000,1144.74
1078376400000,1144.08
1078462800000,1143.74
1078549200000,1143.6
1078635600000,1143.69
1078722000000,1144.1
1078808400000,1144.29
1078894800000,1144.22
1078981200000,1144.3
1079067600000,1144.82
1079154000000,1144.68
1079240400000,1144.25
1079326800000,1142.7
1079413200000,1143.56
1079499600000,1143.41
1079586000000,1144.98
1079672400000,1145.2
1079758800000,1144.6
1079845200000,1144.39
1079931600000,1144.47
1080018000000,1144.45
1080104400000,1144.08
1080190800000,1144.36
1080277200000,1143.54
1080363600000,1143.84
1080450000000,1145.08
1080536400000,1144.9
1080622800000,1145.49
1080709200000,1144.61
1080795600000,1144.09
1080882000000,1145.53
1080968400000,1146.04
1081054800000,1146.14
1081137600000,1146.09
1081224000000,1145.41
1081310400000,1145.9
1081396800000,1145.49
1081483200000,1145.17
1081569600000,1144.52
1081656000000,1145.04
1081742400000,1144.82
1081828800000,1146.31
1081915200000,1146.38
1082001600000,1146.47
1082088000000,1146.4
1082174400000,1146.31
1082260800000,1146.39
1082347200000,1144.39
1082433600000,1146.35
1082520000000,1146.32
1082606400000,1146.28
1082692800000,1146.31
1082779200000,1146.31
1082865600000,1146.26
1082952000000,1146.18
1083038400000,1146.31
1083124800000,1146.26
1083211200000,1146.24
1083297600000,1146
1083384000000,1145.95
1083470400000,1145.85
1083556800000,1145.54
1083643200000,1145.09
1083729600000,1144.67
1083816000000,1144.1
1083902400000,1144.48
1083988800000,1144.03
1084075200000,1144.22
1084161600000,1144.04
1084248000000,1143.15
1084334400000,1143.63
1084420800000,1143.45
1084507200000,1142.98
1084593600000,1142.27
1084680000000,1144.22
1084766400000,1143.44
1084852800000,1143.56
1084939200000,1143.1
1085025600000,1143.54
1085112000000,1143.65
1085198400000,1143.71
1085284800000,1144
1085371200000,1144.34
1085457600000,1144.35
1085544000000,1145.02
1085630400000,1145.26
1085716800000,1143.35
1085803200000,1144.1
1085889600000,1144.96
1085976000000,1144.61
1086062400000,1144.01
1086148800000,1143.94
1086235200000,1144.3
1086321600000,1144.82
1086408000000,1145.49
1086494400000,1145.78
1086580800000,1145.17
1086667200000,1143.69
1086753600000,1144.23
1086840000000,1144.63
1086926400000,1144.5
1087012800000,1144.23
1087099200000,1144.22
1087185600000,1144.39
1087272000000,1144.38
1087358400000,1144.14
1087444800000,1143.94
1087531200000,1143.83
1087617600000,1143.97
1087704000000,1144.34
1087790400000,1143.71
1087876800000,1143.75
1087963200000,1144.12
1088049600000,1144.37
1088136000000,1144.12
1088222400000,1144.25
1088308800000,1145.49
1088395200000,1145.52
1088481600000,1145.39
1088568000000,1145.49
1088654400000,1144.62
1088740800000,1144.63
1088827200000,1144.52
1088913600000,1144.53
1089000000000,1144.68
1089086400000,1143.87
1089172800000,1143.94
1089259200000,1144.25
1089345600000,1143.95
1089432000000,1143.69
1089518400000,1145
1089604800000,1144.61
1089691200000,1143.86
1089777600000,1143.15
1089864000000,1143.6
1089950400000,1144.5
1090036800000,1144.64
1090123200000,1145.56
1090209600000,1144.77
1090296000000,1145.13
1090382400000,1145.1
1090468800000,1144.74
1090555200000,1144.35
1090641600000,1144.85
1090728000000,1145.46
1090814400000,1144.76
1090900800000,1143.97
1090987200000,1144.38
1091073600000,1144.43
1091160000000,1144.17
1091246400000,1143.8
1091332800000,1144.98
1091419200000,1144.2
1091505600000,1144.22
1091592000000,1144.38
1091678400000,1144.26
1091764800000,1143.97
1091851200000,1144.39
1091937600000,1144.86
1092024000000,1144.39
1092110400000,1143.15
1092196800000,1143.7
1092283200000,1144.33
1092369600000,1144.07
1092456000000,1144.45
1092542400000,1145.14
1092628800000,1144.31
1092715200000,1144.1
1092801600000,1143.79
1092888000000,1143.8
1092974400000,1143.64
1093060800000,1143.76
1093147200000,1144.02
1093233600000,1143.93
1093320000000,1143.86
1093406400000,1144.43
1093492800000,1144.51
1093579200000,1143.64
1093665600000,1144.43
1093752000000,1144.57
1093838400000,1144.19
1093924800000,1143.8
1094011200000,1143.72
1094097600000,1143.55
1094184000000,1143.69
1094270400000,1143.77
1094356800000,1144.42
1094443200000,1144.18
1094529600000,1144.63
1094616000000,1144.59
1094702400000,1144.41
1094788800000,1144.1
1094875200000,1144.7
1094961600000,1144.29
1095048000000,1143.29
1095134400000,1143.41
1095220800000,1143.56
1095307200000,1143.34
1095393600000,1143.77
1095480000000,1144.24
1095566400000,1144.39
1095652800000,1144.03
1095739200000,1142.84
1095825600000,1143.11
1095912000000,1143.72
1095998400000,1143.62
1096084800000,1144.16
1096171200000,1145.1
1096257600000,1143.57
1096344000000,1143.08
1096430400000,1143.21
1096516800000,1143.61
1096603200000,1143.71
1096689600000,1143.54
1096776000000,1144.62
1096862400000,1144.48
1096948800000,1143.45
1097035200000,1143.38
1097121600000,1143.86
1097208000000,1143.76
1097294400000,1143.26
1097380800000,1143.9
1097467200000,1144.03
1097553600000,1143.52
1097640000000,1143.57
1097726400000,1144.39
1097812800000,1144.06
1097899200000,1144.08
1097985600000,1145.39
1098072000000,1144.22
1098158400000,1143.38
1098244800000,1144.22
1098331200000,1144.35
1098417600000,1144.42
1098504000000,1144.04
1098590400000,1144.23
1098676800000,1143.98
1098763200000,1144.19
1098849600000,1144.12
1098936000000,1143.86
1099022400000,1143.78
1099108800000,1143.91
1099195200000,1144.25
1099285200000,1144.3
1099371600000,1144.26
1099458000000,1144.2
1099544400000,1143.97
1099630800000,1144.01
1099717200000,1144.86
1099803600000,1144.08
1099890000000,1144.27
1099976400000,1144.15
1100062800000,1144.19
1100149200000,1143.89
1100235600000,1143.89
1100322000000,1144.05
1100408400000,1144.48
1100494800000,1144.42
1100581200000,1144.34
1100667600000,1143.86
1100754000000,1144.1
1100840400000,1144.28
1100926800000,1144.62
1101013200000,1145.42
1101099600000,1144.48
1101186000000,1143.68
1101272400000,1143.38
1101358800000,1143.4
1101445200000,1143.53
1101531600000,1145.44
1101618000000,1144.63
1101704400000,1145.32
1101790800000,1144.68
1101877200000,1145.12
1101963600000,1144.52
1102050000000,1144.64
1102136400000,1145.02
1102222800000,1144.59
1102309200000,1143.56
1102395600000,1144.65
1102482000000,1144.36
1102568400000,1144.73
1102654800000,1144.53
1102741200000,1144.09
1102827600000,1144.93
1102914000000,1144.3
1103000400000,1144.13
1103086800000,1143.99
1103173200000,1143.31
1103259600000,1144.6
1103346000000,1145.17
1103432400000,1144.86
1103518800000,1144.3
1103605200000,1144.63
1103691600000,1144.68
1103778000000,1144.39
1103864400000,1144.05
1103950800000,1145.44
1104037200000,1144.49
1104123600000,1144.38
1104210000000,1143.56
1104296400000,1144.54
1104382800000,1145.35
1104469200000,1144.3
1104555600000,1144.51
1104642000000,1145.24
1104728400000,1145.03
1104814800000,1144.51
1104901200000,1143.54
1104987600000,1143.66
1105074000000,1143.95
1105160400000,1144.34
1105246800000,1145.16
1105333200000,1144.02
1105419600000,1143.35
1105506000000,1143.75
1105592400000,1143.79
1105678800000,1144.27
1105765200000,1145.05
1105851600000,1144.79
1105938000000,1144.37
1106024400000,1144.99
1106110800000,1144.78
1106197200000,1144.94
1106283600000,1144.13
1106370000000,1144.08
1106456400000,1144.13
1106542800000,1143.07
1106629200000,1143.66
1106715600000,1143.92
1106802000000,1144.07
1106888400000,1145.13
1106974800000,1144.76
1107061200000,1144.6
1107147600000,1144.39
1107234000000,1145.08
1107320400000,1145.24
1107406800000,1144.05
1107493200000,1143.89
1107579600000,1144.34
1107666000000,1144.6
1107752400000,1144.24
1107838800000,1143.93
1107925200000,1143.68
1108011600000,1143.65
1108098000000,1144.16
1108184400000,1145.01
1108270800000,1145.06
1108357200000,1144.24
1108443600000,1144.01
1108530000000,1143.66
1108616400000,1144.16
1108702800000,1144.4
1108789200000,1145.02
1108875600000,1145.62
1108962000000,1145.04
1109048400000,1144.76
1109134800000,1144.21
1109221200000,1144.26
1109307600000,1144.15
1109394000000,1144.98
1109480400000,1145.45
1109566800000,1144.64
1109653200000,1144.49
1109739600000,1144.49
1109826000000,1145.1
1109912400000,1144.79
1109998800000,1145.47
1110085200000,1145.24
1110171600000,1145.4
1110258000000,1145.15
1110344400000,1143.97
1110430800000,1144.25
1110517200000,1144.43
1110603600000,1145.38
1110690000000,1145.47
1110776400000,1144.83
1110862800000,1143.74
1110949200000,1143.36
1111035600000,1144.19
1111122000000,1144.75
1111208400000,1144.78
1111294800000,1145.72
1111381200000,1145.38
1111467600000,1144.41
1111554000000,1144.75
1111640400000,1144.33
1111726800000,1144.66
1111813200000,1145.17
1111899600000,1145.55
1111986000000,1145.35
1112072400000,1145.29
1112158800000,1144.57
1112245200000,1143.96
1112331600000,1144.37
1112418000000,1144.41
1112504400000,1144.97
1112587200000,1145.2
1112673600000,1143.8
1112760000000,1144.22
1112846400000,1144.75
1112932800000,1144.81
1113019200000,1144.76
1113105600000,1145.24
1113192000000,1144.48
1113278400000,1144.14
1113364800000,1144.32
1113451200000,1144.73
1113537600000,1145.09
1113624000000,1145.27
1113710400000,1144.84
1113796800000,1144.19
1113883200000,1144.93
1113969600000,1144.91
1114056000000,1145.75
1114142400000,1146.28
1114228800000,1146.37
1114315200000,1146.28
1114401600000,1145.67
1114488000000,1145.06
1114574400000,1143.89
1114660800000,1144.11
1114747200000,1144.17
1114833600000,1144.08
1114920000000,1144.58
1115006400000,1144.79
1115092800000,1144.76
1115179200000,1144.08
1115265600000,1144.18
1115352000000,1144.53
1115438400000,1144.59
1115524800000,1145.15
1115611200000,1144.14
1115697600000,1144.12
1115784000000,1144.86
1115870400000,1145.42
1115956800000,1144.62
1116043200000,1144.85
1116129600000,1145.33
1116216000000,1145.39
1116302400000,1144.93
1116388800000,1144.57
1116475200000,1144.52
1116561600000,1145.42
1116648000000,1145.68
1116734400000,1145.5
1116820800000,1145.24
1116907200000,1144.82
1116993600000,1144.7
1117080000000,1145.82
1117166400000,1145.26
1117252800000,1144.78
1117339200000,1145.3
1117425600000,1145.21
1117512000000,1145.47
1117598400000,1144.82
1117684800000,1144.34
1117771200000,1144.65
1117857600000,1144.7
1117944000000,1145.21
1118030400000,1144.47
1118116800000,1144
1118203200000,1144.24
1118289600000,1144.6
1118376000000,1144.03
1118462400000,1143.8
1118548800000,1144.42
1118635200000,1143.78
1118721600000,1143.82
1118808000000,1144.07
1118894400000,1143.86
1118980800000,1143.91
1119067200000,1143.8
1119153600000,1144.58
1119240000000,1143.89
1119326400000,1143.87
1119412800000,1143.43
1119499200000,1144.44
1119585600000,1144.44
1119672000000,1144.15
1119758400000,1143.89
1119844800000,1143.73
1119931200000,1143.98
1120017600000,1144.94
1120104000000,1144.6
1120190400000,1144.23
1120276800000,1143.78
1120363200000,1144.35
1120449600000,1143.91
1120536000000,1143.94
1120622400000,1143.93
1120708800000,1143.88
1120795200000,1144.19
1120881600000,1144.67
1120968000000,1145.18
1121054400000,1145.07
1121140800000,1144.26
1121227200000,1144.08
1121313600000,1144.49
1121400000000,1144.01
1121486400000,1143.59
1121572800000,1143.4
1121659200000,1143.97
1121745600000,1143.85
1121832000000,1143.21
1121918400000,1143.85
1122004800000,1144.64
1122091200000,1144.68
1122177600000,1145.1
1122264000000,1145
1122350400000,1144.33
1122436800000,1144.56
1122523200000,1144.69
1122609600000,1145.12
1122696000000,1145.16
1122782400000,1144.87
1122868800000,1144.73
1122955200000,1144.88
1123041600000,1144.37
1123128000000,1144.12
1123214400000,1144.04
1123300800000,1144.07
1123387200000,1144.42
1123473600000,1144.71
1123560000000,1144.37
1123646400000,1144.27
1123732800000,1143.63
1123819200000,1144.11
1123905600000,1143.89
1123992000000,1144.12
1124078400000,1144
1124164800000,1143.9
1124251200000,1143.67
1124337600000,1143.4
1124424000000,1143.34
1124510400000,1143.66
1124596800000,1144.47
1124683200000,1143.38
1124769600000,1143.41
1124856000000,1143.08
1124942400000,1143.15
1125028800000,1143.54
1125115200000,1143.88
1125201600000,1144.73
1125288000000,1144.09
1125374400000,1144.47
1125460800000,1144.25
1125547200000,1143.48
1125633600000,1143.48
1125720000000,1143.38
1125806400000,1143.88
1125892800000,1143.55
1125979200000,1143.28
1126065600000,1142.88
1126152000000,1143.04
1126238400000,1142.96
1126324800000,1143.45
1126411200000,1144.2
1126497600000,1143.69
1126584000000,1143.23
1126670400000,1143.41
1126756800000,1143.94
1126843200000,1144.55
1126929600000,1144.53
1127016000000,1145.16
1127102400000,1144.83
1127188800000,1144.66
1127275200000,1144.28
1127361600000,1143.83
1127448000000,1143.19
1127534400000,1143.93
1127620800000,1143.93
1127707200000,1142.4
1127793600000,1142.47
1127880000000,1143.48
1127966400000,1144.52
1128052800000,1144.48
1128139200000,1144.71
1128225600000,1144.53
1128312000000,1144.55
1128398400000,1144.3
1128484800000,1143.72
1128571200000,1144.31
1128657600000,1144.07
1128744000000,1144.03
1128830400000,1143.87
1128916800000,1143.94
1129003200000,1144.94
1129089600000,1143.92
1129176000000,1143.52
1129262400000,1143.92
1129348800000,1144.08
1129435200000,1144.2
1129521600000,1144.29
1129608000000,1144.43
1129694400000,1143.94
1129780800000,1144.39
1129867200000,1144.57
1129953600000,1144.53
1130040000000,1144.2
1130126400000,1144.14
1130212800000,1144.37
1130299200000,1144.12
1130385600000,1144.07
1130472000000,1143.68
1130558400000,1143.23
1130644800000,1143.66
1130734800000,1143.18
1130821200000,1143.14
1130907600000,1143.33
1130994000000,1143.18
1131080400000,1144
1131166800000,1144.3
1131253200000,1144.54
1131339600000,1144.3
1131426000000,1144.31
1131512400000,1143.77
1131598800000,1143.64
1131685200000,1142.59
1131771600000,1143.18
1131858000000,1144.56
1131944400000,1143.86
1132030800000,1143.97
1132117200000,1143.34
1132203600000,1143.32
1132290000000,1143.23
1132376400000,1143.38
1132462800000,1145.08
1132549200000,1144.01
1132635600000,1142.89
1132722000000,1143.58
1132808400000,1144.07
1132894800000,1144.94
1132981200000,1145.85
1133067600000,1142.38
1133154000000,1143.16
1133240400000,1143.74
1133326800000,1143.2
1133413200000,1142.31
1133499600000,1142.71
1133586000000,1142.02
1133672400000,1142.63
1133758800000,1142.6
1133845200000,1142.68
1133931600000,1142.81
1134018000000,1142.97
1134104400000,1142.67
1134190800000,1142.72
1134277200000,1143.06
1134363600000,1142.88
1134450000000,1142.75
1134536400000,1143.71
1134622800000,1144.02
1134709200000,1143.16
1134795600000,1142.95
1134882000000,1142.87
1134968400000,1142.15
1135054800000,1142.54
1135141200000,1143.51
1135227600000,1142.92
1135314000000,1143
1135400400000,1142.7
1135486800000,1142.87
1135573200000,1142.7
1135659600000,1142.79
1135746000000,1143.48
1135832400000,1143.97
1135918800000,1142.76
1136005200000,1142.25
1136091600000,1143.52
1136178000000,1143.18
1136264400000,1142.83
1136350800000,1142.85
1136437200000,1142.91
1136523600000,1142.01
1136610000000,1142.08
1136696400000,1142.77
1136782800000,1143.18
1136869200000,1142.96
1136955600000,1143.43
1137042000000,1144
1137128400000,1144.04
1137214800000,1143.52
1137301200000,1144.31
1137387600000,1144.44
1137474000000,1144.27
1137560400000,1144.09
1137646800000,1143.82
1137733200000,1143.02
1137819600000,1142.78
1137906000000,1142.83
1137992400000,1142.78
1138078800000,1142.51
1138165200000,1143.1
1138251600000,1143.38
1138338000000,1142.41
1138424400000,1142.28
1138510800000,1142.61
1138597200000,1142.21
1138683600000,1143.02
1138770000000,1144.09
1138856400000,1143.51
1138942800000,1143.05
1139029200000,1143.8
1139115600000,1143.86
1139202000000,1142.72
1139288400000,1141.78
1139374800000,1142.28
1139461200000,1143
1139547600000,1142
1139634000000,1141.85
1139720400000,1141.66
1139806800000,1142.19
1139893200000,1142.7
1139979600000,1143.85
1140066000000,1144.89
1140152400000,1143.63
1140238800000,1142.78
1140325200000,1141.99
1140411600000,1141.96
1140498000000,1142.29
1140584400000,1142.25
1140670800000,1141.96
1140757200000,1141.79
1140843600000,1142.11
1140930000000,1143.6
1141016400000,1144
1141102800000,1142.75
1141189200000,1143.63
1141275600000,1144.5
1141362000000,1143.79
1141448400000,1142.69
1141534800000,1143.25
1141621200000,1143.24
1141707600000,1142.8
1141794000000,1142.39
1141880400000,1141.73
1141966800000,1142.13
1142053200000,1142.43
1142139600000,1142.7
1142226000000,1142.56
1142312400000,1141.9
1142398800000,1142.27
1142485200000,1143.32
1142571600000,1143.71
1142658000000,1143.98
1142744400000,1144.82
1142830800000,1143.93
1142917200000,1143.75
1143003600000,1143.04
1143090000000,1142.04
1143176400000,1142.58
1143262800000,1144.04
1143349200000,1144.96
1143435600000,1145.11
1143522000000,1144.25
1143608400000,1143.63
1143694800000,1143.26
1143781200000,1142.84
1143867600000,1143.03
1143954000000,1143.69
1144036800000,1145.04
1144123200000,1145.39
1144209600000,1146.06
1144296000000,1146
1144382400000,1144.85
1144468800000,1143.97
1144555200000,1143.99
1144641600000,1145.35
1144728000000,1145.01
1144814400000,1144.45
1144900800000,1143.69
1144987200000,1143.49
1145073600000,1144.19
1145160000000,1144.53
1145246400000,1144.82
1145332800000,1144.23
1145419200000,1144.53
1145505600000,1143.61
1145592000000,1142.87
1145678400000,1143.46
1145764800000,1144.08
1145851200000,1143.56
1145937600000,1142.96
1146024000000,1143.67
1146110400000,1144.49
1146196800000,1144.31
1146283200000,1144.33
1146369600000,1145.22
1146456000000,1146.52
1146542400000,1146.52
1146628800000,1146.44
1146715200000,1146.23
1146801600000,1145.56
1146888000000,1144.87
1146974400000,1145.76
1147060800000,1145.16
1147147200000,1145.21
1147233600000,1144.7
1147320000000,1144.42
1147406400000,1143.86
1147492800000,1143.58
1147579200000,1144.71
1147665600000,1144.15
1147752000000,1142.83
1147838400000,1142.63
1147924800000,1142.92
1148011200000,1142.79
1148097600000,1142.6
1148184000000,1142.67
1148270400000,1141.97
1148356800000,1142.78
1148443200000,1142.53
1148529600000,1142.5
1148616000000,1142.46
1148702400000,1142.88
1148788800000,1144.28
1148875200000,1143.95
1148961600000,1144.16
1149048000000,1144.43
1149134400000,1145.02
1149220800000,1144.53
1149307200000,1143.66
1149393600000,1143.8
1149480000000,1143.48
1149566400000,1143.29
1149652800000,1143.57
1149739200000,1143.52
1149825600000,1144.52
1149912000000,1143.86
1149998400000,1145.37
1150084800000,1144.66
1150171200000,1144.5
1150257600000,1146.46
1150344000000,1144.26
1150430400000,1143.52
1150516800000,1143.89
1150603200000,1144.99
1150689600000,1144.52
1150776000000,1143.06
1150862400000,1143.37
1150948800000,1143.6
1151035200000,1143.15
1151121600000,1143.38
1151208000000,1144.03
1151294400000,1143.79
1151380800000,1143.59
1151467200000,1142.87
1151553600000,1142.76
1151640000000,1143.05
1151726400000,1143.4
1151812800000,1143.88
1151899200000,1143.64
1151985600000,1143.85
1152072000000,1143.12
1152158400000,1143.97
1152244800000,1143.05
1152331200000,1144.37
1152417600000,1144.48
1152504000000,1144.31
1152590400000,1144.48
1152676800000,1143.84
1152763200000,1143.52
1152849600000,1144
1152936000000,1144.66
1153022400000,1144.82
1153108800000,1144.09
1153195200000,1143.78
1153281600000,1143.64
1153368000000,1143.67
1153454400000,1144.21
1153540800000,1143.98
1153627200000,1144.38
1153713600000,1144.31
1153800000000,1144.65
1153886400000,1144.34
1153972800000,1144.49
1154059200000,1144.39
1154145600000,1144.51
1154232000000,1145.44
1154318400000,1145.7
1154404800000,1144.58
1154491200000,1144.24
1154577600000,1144.08
1154664000000,1144.29
1154750400000,1144.24
1154836800000,1144.78
1154923200000,1143.96
1155009600000,1144.49
1155096000000,1144.14
1155182400000,1143.31
1155268800000,1143.96
1155355200000,1144.62
1155441600000,1145.11
1155528000000,1144.64
1155614400000,1144.02
1155700800000,1143.8
1155787200000,1143.87
1155873600000,1144.51
1155960000000,1144.83
1156046400000,1145.33
1156132800000,1146.79
1156219200000,1144.14
1156305600000,1146.18
1156392000000,1146.58
1156478400000,1145.65
1156564800000,1144.56
1156651200000,1145.84
1156737600000,1142.75
1156824000000,1143.15
1156910400000,1143.24
1156996800000,1143.54
1157083200000,1143.71
1157169600000,1144.18
1157256000000,1144.27
1157342400000,1144.42
1157428800000,1144.19
1157515200000,1143.65
1157601600000,1143.38
1157688000000,1143.18
1157774400000,1143.71
1157860800000,1143.6
1157947200000,1143.9
1158033600000,1143.93
1158120000000,1144.25
1158206400000,1144.37
1158292800000,1144.5
1158379200000,1143.82
1158465600000,1143.68
1158552000000,1143.47
1158638400000,1143.18
1158724800000,1143.24
1158811200000,1143.47
1158897600000,1143.48
1158984000000,1143.7
1159070400000,1142.94
1159156800000,1142.31
1159243200000,1142.21
1159329600000,1142.87
1159416000000,1142.81
1159502400000,1142.97
1159588800000,1143.74
1159675200000,1144.02
1159761600000,1143.91
1159848000000,1143.04
1159934400000,1142.5
1160020800000,1142.54
1160107200000,1142.93
1160193600000,1143.08
1160280000000,1143.19
1160366400000,1143.12
1160452800000,1142.94
1160539200000,1143.66
1160625600000,1143.91
1160712000000,1143.3
1160798400000,1143.17
1160884800000,1143.54
1160971200000,1144.16
1161057600000,1144.45
1161144000000,1144.4
1161230400000,1143.95
1161316800000,1143.8
1161403200000,1143.66
1161489600000,1144.04
1161576000000,1143.6
1161662400000,1143.52
1161748800000,1143.08
1161835200000,1143.1
1161921600000,1143.35
1162008000000,1143.49
1162094400000,1143.72
1162184400000,1143.54
1162270800000,1143.17
1162357200000,1143.28
1162443600000,1143.93
1162530000000,1143.95
1162616400000,1144.05
1162702800000,1144.5
1162789200000,1144.41
1162875600000,1144.13
1162962000000,1143.44
1163048400000,1143.52
1163134800000,1141.71
1163221200000,1142.52
1163307600000,1142.83
1163394000000,1142.36
1163480400000,1141.48
1163566800000,1141.47
1163653200000,1141.72
1163739600000,1141.81
1163826000000,1142.3
1163912400000,1142.67
1163998800000,1143.09
1164085200000,1142.97
1164171600000,1142.29
1164258000000,1142.23
1164344400000,1141.38
1164430800000,1141.65
1164517200000,1142.33
1164603600000,1143.29
1164690000000,1143.53
1164776400000,1143.6
1164862800000,1143.71
1164949200000,1143.78
1165035600000,1143.91
1165122000000,1143.27
1165208400000,1142.39
1165294800000,1142.51
1165381200000,1142.33
1165467600000,1142.82
1165554000000,1143.79
1165640400000,1143.77
1165726800000,1144.24
1165813200000,1144.35
1165899600000,1144.23
1165986000000,1143.63
1166072400000,1142.67
1166158800000,1142.49
1166245200000,1143.5
1166331600000,1144.6
1166418000000,1144.9
1166504400000,1144.68
1166590800000,1145.49
1166677200000,1145.21
1166763600000,1144.62
1166850000000,1144.07
1166936400000,1145.53
1167022800000,1146.34
1167109200000,1146.08
1167195600000,1145.49
1167282000000,1144.83
1167368400000,1143.18
1167454800000,1142.69
1167541200000,1143.48
1167627600000,1144.84
1167714000000,1144.82
1167800400000,1142.77
1167886800000,1143.26
1167973200000,1144.28
1168059600000,1144.34
1168146000000,1143.82
1168232400000,1143.76
1168318800000,1143.52
1168405200000,1142.85
1168491600000,1144.54
1168578000000,1145.59
1168664400000,1144.38
1168750800000,1144.82
1168837200000,1143.73
1168923600000,1144.8
1169010000000,1143.87
1169096400000,1143.22
1169182800000,1143.37
1169269200000,1144
1169355600000,1144.82
1169442000000,1144.85
1169528400000,1144.47
1169614800000,1143.58
1169701200000,1143.09
1169787600000,1144.02
1169874000000,1145.15
1169960400000,1145.2
1170046800000,1145.35
1170133200000,1145.72
1170219600000,1145.09
1170306000000,1144.34
1170392400000,1143.83
1170478800000,1145.02
1170565200000,1145.2
1170651600000,1145.03
1170738000000,1145.16
1170824400000,1145.47
1170910800000,1145.92
1170997200000,1146.08
1171083600000,1145.92
1171170000000,1145.83
1171256400000,1145.73
1171342800000,1145.79
1171429200000,1145.7
1171515600000,1144.53
1171602000000,1146.79
1171688400000,1146.44
1171774800000,1146.39
1171861200000,1146.34
1171947600000,1145.16
1172034000000,1144.09
1172120400000,1143.46
1172206800000,1143.01
1172293200000,1144.25
1172379600000,1145.79
1172466000000,1145.78
1172552400000,1145.22
1172638800000,1145.14
1172725200000,1144.41
1172811600000,1143.23
1172898000000,1143.24
1172984400000,1142.92
1173070800000,1143.18
1173157200000,1143.09
1173243600000,1144.45
1173330000000,1146.11
1173416400000,1145.88
1173502800000,1146.4
1173589200000,1146.43
1173672000000,1146.43
1173758400000,1146.43
1173844800000,1146.26
1173931200000,1145.87
1174017600000,1145.73
1174104000000,1144.54
1174190400000,1144.65
1174276800000,1145.16
1174363200000,1145.67
1174449600000,1144.82
1174536000000,1144.12
1174622400000,1142.94
1174708800000,1143.66
1174795200000,1144.25
1174881600000,1143.34
1174968000000,1143.6
1175054400000,1144.85
1175140800000,1145.5
1175227200000,1146.43
1175313600000,1146.35
1175400000000,1146.11
1175486400000,1144.7
1175572800000,1144.56
1175659200000,1144.51
1175745600000,1145.13
1175832000000,1144.74
1175918400000,1144.56
1176004800000,1145.37
1176091200000,1144.89
1176177600000,1144.57
1176264000000,1144.35
1176350400000,1144.71
1176436800000,1145.05
1176523200000,1145.82
1176609600000,1145.57
1176696000000,1146.14
1176782400000,1146.43
1176868800000,1146.48
1176955200000,1146.49
1177041600000,1146.47
1177128000000,1146.37
1177214400000,1146.49
1177300800000,1146.34
1177387200000,1146.39
1177473600000,1146.43
1177560000000,1146.43
1177646400000,1146.39
1177732800000,1146.39
1177819200000,1146.14
1177905600000,1146.14
1177992000000,1146.35
1178078400000,1146.47
1178164800000,1146.42
1178251200000,1146.39
1178337600000,1146.38
1178424000000,1146.32
1178510400000,1146.31
1178596800000,1146.26
1178683200000,1146.31
1178769600000,1146.07
1178856000000,1146.29
1178942400000,1146.35
1179028800000,1146.43
1179115200000,1146.4
1179201600000,1146.38
1179288000000,1146.38
1179374400000,1146.13
1179460800000,1145.43
1179547200000,1145.06
1179633600000,1145.32
1179720000000,1144.48
1179806400000,1144.18
1179892800000,1144.9
1179979200000,1144.77
1180065600000,1145.13
1180152000000,1145.4
1180238400000,1145.23
1180324800000,1144.29
1180411200000,1143.65
1180497600000,1144.29
1180584000000,1145.23
1180670400000,1145.4
1180756800000,1145.13
1180843200000,1144.77
1180929600000,1145.07
1181016000000,1144.65
1181102400000,1143.6
1181188800000,1144.45
1181275200000,1145.34
1181361600000,1144.66
1181448000000,1144.6
1181534400000,1144.16
1181620800000,1145.06
1181707200000,1144.59
1181793600000,1145.27
1181880000000,1144.76
1181966400000,1145.24
1182052800000,1145.39
1182139200000,1145.52
1182225600000,1145.31
1182312000000,1144.83
1182398400000,1144.34
1182484800000,1144.44
1182571200000,1145.13
1182657600000,1145.35
1182744000000,1144.53
1182830400000,1144.03
1182916800000,1142.78
1183003200000,1143.23
1183089600000,1143.59
1183176000000,1143.72
1183262400000,1145.5
1183348800000,1144.49
1183435200000,1144.59
1183521600000,1144.08
1183608000000,1144.56
1183694400000,1144.36
1183780800000,1144.61
1183867200000,1144.78
1183953600000,1144.94
1184040000000,1144.53
1184126400000,1144.71
1184212800000,1144.69
1184299200000,1144.42
1184385600000,1144.6
1184472000000,1145.5
1184558400000,1145.3
1184644800000,1145.38
1184731200000,1145.26
1184817600000,1144.94
1184904000000,1144.37
1184990400000,1144.68
1185076800000,1145.47
1185163200000,1145.33
1185249600000,1145.07
1185336000000,1144.62
1185422400000,1144.11
1185508800000,1143.84
1185595200000,1144.08
1185681600000,1145.27
1185768000000,1144.84
1185854400000,1145.16
1185940800000,1144.95
1186027200000,1144.92
1186113600000,1143.37
1186200000000,1144.45
1186286400000,1145.38
1186372800000,1144.98
1186459200000,1144.54
1186545600000,1144.53
1186632000000,1143.38
1186718400000,1143.38
1186804800000,1143.42
1186891200000,1144.9
1186977600000,1143.41
1187064000000,1142.93
1187150400000,1142.98
1187236800000,1143.14
1187323200000,1142.88
1187409600000,1145.58
1187496000000,1146.24
1187582400000,1145.09
1187668800000,1144.62
1187755200000,1144.35
1187841600000,1144.1
1187928000000,1143.8
1188014400000,1144.17
1188100800000,1145.68
1188187200000,1144.91
1188273600000,1143.9
1188360000000,1142.78
1188446400000,1143.63
1188532800000,1143.26
1188619200000,1143.88
1188705600000,1144.82
1188792000000,1144.16
1188878400000,1143.89
1188964800000,1143.29
1189051200000,1142.2
1189137600000,1142.95
1189224000000,1144.13
1189310400000,1145.4
1189396800000,1144.34
1189483200000,1143.51
1189569600000,1143.29
1189656000000,1143.52
1189742400000,1143.49
1189828800000,1143.41
1189915200000,1143.97
1190001600000,1144.42
1190088000000,1144.09
1190174400000,1143.71
1190260800000,1143.82
1190347200000,1143.77
1190433600000,1144.59
1190520000000,1145.3
1190606400000,1144.02
1190692800000,1143.38
1190779200000,1143.82
1190865600000,1143.56
1190952000000,1143.98
1191038400000,1144.9
1191124800000,1145.07
1191211200000,1144.71
1191297600000,1144.04
1191384000000,1143.05
1191470400000,1143.34
1191556800000,1143.29
1191643200000,1144
1191729600000,1145.27
1191816000000,1144.43
1191902400000,1144.03
1191988800000,1143.89
1192075200000,1143.76
1192161600000,1143.18
1192248000000,1144.08
1192334400000,1144.89
1192420800000,1143.83
1192507200000,1142.49
1192593600000,1142.65
1192680000000,1143.29
1192766400000,1144.07
1192852800000,1144.49
1192939200000,1144.82
1193025600000,1143.83
1193112000000,1144.82
1193198400000,1143.16
1193284800000,1143.35
1193371200000,1143.13
1193457600000,1144.05
1193544000000,1145.51
1193630400000,1145.1
1193716800000,1145.21
1193803200000,1144.82
1193889600000,1144.61
1193976000000,1143.91
1194062400000,1144.94
1194148800000,1144.85
1194238800000,1144.6
1194325200000,1143.89
1194411600000,1143.23
1194498000000,1143.22
1194584400000,1142.44
1194670800000,1142.63
1194757200000,1144.55
1194843600000,1144.99
1194930000000,1144.96
1195016400000,1144.55
1195102800000,1144.84
1195189200000,1144.84
1195275600000,1144.91
1195362000000,1145.36
1195448400000,1144.01
1195534800000,1144.09
1195621200000,1143.29
1195707600000,1144.04
1195794000000,1144.16
1195880400000,1144.2
1195966800000,1145.65
1196053200000,1144.27
1196139600000,1144.19
1196226000000,1143.75
1196312400000,1143.9
1196398800000,1143.04
1196485200000,1143.8
1196571600000,1144.4
1196658000000,1143.96
1196744400000,1143.78
1196830800000,1143.56
1196917200000,1143.37
1197003600000,1143.56
1197090000000,1144.43
1197176400000,1145.33
1197262800000,1144.93
1197349200000,1145.07
1197435600000,1145.05
1197522000000,1144.56
1197608400000,1144.15
1197694800000,1144.58
1197781200000,1145.52
1197867600000,1145.03
1197954000000,1144.18
1198040400000,1143.6
1198126800000,1144.4
1198213200000,1143.96
1198299600000,1143.53
1198386000000,1144.73
1198472400000,1144.79
1198558800000,1145.26
1198645200000,1144.72
1198731600000,1145.45
1198818000000,1144.67
1198904400000,1144.74
1198990800000,1144
1199077200000,1143.79
1199163600000,1145.23
1199250000000,1144.89
1199336400000,1144.13
1199422800000,1144.17
1199509200000,1143.83
1199595600000,1144.86
1199682000000,1145.45
1199768400000,1144.46
1199854800000,1143.46
1199941200000,1143.38
1200027600000,1143.81
1200114000000,1143.43
1200200400000,1144.38
1200286800000,1144.93
1200373200000,1145.04
1200459600000,1144.76
1200546000000,1143.89
1200632400000,1144.57
1200718800000,1144.9
1200805200000,1145.42
1200891600000,1144.29
1200978000000,1142.9
1201064400000,1143.79
1201150800000,1144.19
1201237200000,1144.17
1201323600000,1145.08
1201410000000,1145.33
1201496400000,1144.27
1201582800000,1144.13
1201669200000,1144.52
1201755600000,1144.37
1201842000000,1145.5
1201928400000,1144.08
1202014800000,1145.56
1202101200000,1145.52
1202187600000,1145.52
1202274000000,1145.1
1202360400000,1143.36
1202446800000,1144.26
1202533200000,1144.7
1202619600000,1144.12
1202706000000,1144.2
1202792400000,1144.91
1202878800000,1145.07
1202965200000,1144.93
1203051600000,1145.47
1203138000000,1144.47
1203224400000,1144.86
1203310800000,1145.35
1203397200000,1144.91
1203483600000,1145.54
1203570000000,1144.96
1203656400000,1144.98
1203742800000,1144.98
1203829200000,1145.52
1203915600000,1144.58
1204002000000,1142.97
1204088400000,1144.02
1204174800000,1144.37
1204261200000,1144.07
1204347600000,1144.28
1204434000000,1145.24
1204520400000,1145.53
1204606800000,1145.17
1204693200000,1145.21
1204779600000,1145.31
1204866000000,1145.31
1204952400000,1144.88
1205038800000,1145.24
1205121600000,1144.99
1205208000000,1144.16
1205294400000,1143.99
1205380800000,1143.74
1205467200000,1142.59
1205553600000,1144.2
1205640000000,1145.29
1205726400000,1144.54
1205812800000,1143.86
1205899200000,1144.83
1205985600000,1144.44
1206072000000,1145.24
1206158400000,1144.17
1206244800000,1145.89
1206331200000,1144.73
1206417600000,1144.98
1206504000000,1144.84
1206590400000,1145.51
1206676800000,1145.44
1206763200000,1145.06
1206849600000,1145.24
1206936000000,1145.97
1207022400000,1145.64
1207108800000,1144.73
1207195200000,1146.48
1207281600000,1146.57
1207368000000,1146.62
1207454400000,1146.59
1207540800000,1146.49
1207627200000,1146.46
1207713600000,1146.43
1207800000000,1146.25
1207886400000,1146.27
1207972800000,1146.34
1208059200000,1146.36
1208145600000,1146.49
1208232000000,1146.52
1208318400000,1146.66
1208404800000,1146.52
1208491200000,1146.44
1208577600000,1146.37
1208664000000,1146.36
1208750400000,1146.34
1208836800000,1146.28
1208923200000,1146.33
1209009600000,1146.38
1209096000000,1146.44
1209182400000,1146.41
1209268800000,1146.79
1209355200000,1146.4
1209441600000,1146.46
1209528000000,1146.4
1209614400000,1146.39
1209700800000,1143.36
1209787200000,1146.3
1209873600000,1146.28
1209960000000,1146.29
1210046400000,1146.27
1210132800000,1146.21
1210219200000,1146.23
1210305600000,1146.22
1210392000000,1146.28
1210478400000,1146.25
1210564800000,1146.22
1210651200000,1146.23
1210737600000,1146.2
1210824000000,1146.17
1210910400000,1146.21
1210996800000,1146.19
1211083200000,1146.18
1211169600000,1146.2
1211256000000,1146.19
1211342400000,1146.28
1211428800000,1146.18
1211515200000,1146.18
1211601600000,1146.17
1211688000000,1146.25
1211774400000,1146.14
1211860800000,1146.1
1211947200000,1146.15
1212033600000,1146.1
1212120000000,1146.11
1212206400000,1146.08
1212292800000,1146.22
1212379200000,1146.17
1212465600000,1146.14
1212552000000,1146.05
1212638400000,1146.07
1212724800000,1146.08
1212811200000,1146.09
1212897600000,1146.06
1212984000000,1145.97
1213070400000,1145.66
1213156800000,1145.46
1213243200000,1145.98
1213329600000,1145.77
1213416000000,1145.35
1213502400000,1145.98
1213588800000,1145.35
1213675200000,1146.02
1213761600000,1145.15
1213848000000,1145.28
1213934400000,1145.75
1214020800000,1144.61
1214107200000,1145.69
1214193600000,1146.04
1214280000000,1145.9
1214366400000,1144.87
1214452800000,1143.98
1214539200000,1144
1214625600000,1144.66
1214712000000,1145.69
1214798400000,1145.29
1214884800000,1144.47
1214971200000,1144.19
1215057600000,1144.6
1215144000000,1145.54
1215230400000,1145.17
1215316800000,1145.01
1215403200000,1145.15
1215489600000,1145.1
1215576000000,1145.72
1215662400000,1145.35
1215748800000,1145.35
1215835200000,1145.43
1215921600000,1145.54
1216008000000,1145.2
1216094400000,1145.15
1216180800000,1144.91
1216267200000,1145.14
1216353600000,1145.39
1216440000000,1145.35
1216526400000,1145.31
1216612800000,1145.43
1216699200000,1145.24
1216785600000,1144.61
1216872000000,1145.26
1216958400000,1145.4
1217044800000,1145.54
1217131200000,1145.46
1217217600000,1144.72
1217304000000,1144.79
1217390400000,1144.5
1217476800000,1144.2
1217563200000,1145.45
1217649600000,1145.61
1217736000000,1145.06
1217822400000,1145.09
1217908800000,1145.18
1217995200000,1144.7
1218081600000,1144.08
1218168000000,1144.43
1218254400000,1143.86
1218340800000,1145.19
1218427200000,1145.26
1218513600000,1144.57
1218600000000,1145.39
1218686400000,1145.69
1218772800000,1145.83
1218859200000,1145.96
1218945600000,1146.16
1219032000000,1145.94
1219118400000,1145.6
1219204800000,1145.37
1219291200000,1145.28
1219377600000,1145.31
1219464000000,1145.77
1219550400000,1145.15
1219636800000,1145.04
1219723200000,1144.23
1219809600000,1143.85
1219896000000,1144.19
1219982400000,1143.37
1220068800000,1144.2
1220155200000,1145.42
1220241600000,1144.26
1220328000000,1143.85
1220414400000,1143.41
1220500800000,1144.22
1220587200000,1144.15
1220673600000,1144.84
1220760000000,1145.23
1220846400000,1144.33
1220932800000,1143.86
1221019200000,1143.16
1221105600000,1143.49
1221192000000,1144.11
1221278400000,1144.41
1221364800000,1145.15
1221451200000,1144.1
1221537600000,1143.97
1221624000000,1143.78
1221710400000,1143.67
1221796800000,1143.43
1221883200000,1144.2
1221969600000,1144.91
1222056000000,1144.6
1222142400000,1144.02
1222228800000,1142.59
1222315200000,1143.1
1222401600000,1143.01
1222488000000,1143.69
1222574400000,1145.03
1222660800000,1144.31
1222747200000,1143.65
1222833600000,1144.9
1222920000000,1145.09
1223006400000,1143.82
1223092800000,1143.57
1223179200000,1144.06
1223265600000,1142.75
1223352000000,1142.45
1223438400000,1143.07
1223524800000,1141.97
1223611200000,1143.05
1223697600000,1144.08
1223784000000,1145.13
1223870400000,1144.19
1223956800000,1144.18
1224043200000,1143.17
1224129600000,1142.54
1224216000000,1142.21
1224302400000,1143.08
1224388800000,1143.08
1224475200000,1144.64
1224561600000,1143.98
1224648000000,1142.85
1224734400000,1142.33
1224820800000,1143.43
1224907200000,1144.47
1224993600000,1145.38
1225080000000,1145.39
1225166400000,1145.3
1225252800000,1144.91
1225339200000,1144.03
1225425600000,1143.45
1225512000000,1144.71
1225598400000,1145.53
1225688400000,1144.62
1225774800000,1144.52
1225861200000,1145.04
1225947600000,1145.99
1226034000000,1145.41
1226120400000,1144.57
1226206800000,1144.92
1226293200000,1144.81
1226379600000,1144.35
1226466000000,1144.69
1226552400000,1144.01
1226638800000,1143.21
1226725200000,1143.71
1226811600000,1144.9
1226898000000,1143.59
1226984400000,1143.5
1227070800000,1143.38
1227157200000,1143.48
1227243600000,1143.32
1227330000000,1143.13
1227416400000,1144.64
1227502800000,1145.35
1227589200000,1144.88
1227675600000,1143.38
1227762000000,1143.89
1227848400000,1144.8
1227934800000,1145.83
1228021200000,1145.59
1228107600000,1144.94
1228194000000,1144.57
1228280400000,1145.53
1228366800000,1145.62
1228453200000,1146.17
1228539600000,1146.07
1228626000000,1145.71
1228712400000,1144.29
1228798800000,1145.69
1228885200000,1146
1228971600000,1144.92
1229058000000,1143.53
1229144400000,1144.16
1229230800000,1144.4
1229317200000,1144.67
1229403600000,1144.73
1229490000000,1145.33
1229576400000,1145.18
1229662800000,1144.2
1229749200000,1145.66
1229835600000,1145.44
1229922000000,1144.8
1230008400000,1142.96
1230094800000,1143.52
1230181200000,1145.99
1230267600000,1145.23
1230354000000,1145.03
1230440400000,1143.88
1230526800000,1144.54
1230613200000,1144.2
1230699600000,1143.94
1230786000000,1144.3
1230872400000,1145.64
1230958800000,1144.73
1231045200000,1145.24
1231131600000,1144.38
1231218000000,1145.21
1231304400000,1144.38
1231390800000,1143.4
1231477200000,1143.22
1231563600000,1144.28
1231650000000,1144.39
1231736400000,1144.9
1231822800000,1144.72
1231909200000,1143.78
1231995600000,1143.78
1232082000000,1144.2
1232168400000,1144.1
1232254800000,1144.43
1232341200000,1143.59
1232427600000,1142.75
1232514000000,1143.61
1232600400000,1144.47
1232686800000,1144.27
1232773200000,1144.54
1232859600000,1145.02
1232946000000,1145.04
1233032400000,1144.24
1233118800000,1143.59
1233205200000,1142.97
1233291600000,1143.47
1233378000000,1144.03
1233464400000,1145.49
1233550800000,1144.85
1233637200000,1144.39
1233723600000,1144.16
1233810000000,1145
1233896400000,1144.67
1233982800000,1145.17
1234069200000,1145.38
1234155600000,1144.63
1234242000000,1145.05
1234328400000,1145.77
1234414800000,1145.32
1234501200000,1144.87
1234587600000,1145.29
1234674000000,1145.15
1234760400000,1144.9
1234846800000,1144.38
1234933200000,1144.34
1235019600000,1144.95
1235106000000,1145.12
1235192400000,1144.54
1235278800000,1144.73
1235365200000,1144.79
1235451600000,1144.45
1235538000000,1144.66
1235624400000,1144.93
1235710800000,1144.34
1235797200000,1146.14
1235883600000,1146.2
1235970000000,1146.19
1236056400000,1145.8
1236142800000,1145.1
1236229200000,1144.08
1236315600000,1144.42
1236402000000,1145.8
1236488400000,1144.92
1236571200000,1143.91
1236657600000,1145.5
1236744000000,1145.14
1236830400000,1143.82
1236916800000,1144.14
1237003200000,1145.71
1237089600000,1145.5
1237176000000,1144.68
1237262400000,1144.78
1237348800000,1145.55
1237435200000,1144.77
1237521600000,1145.48
1237608000000,1145.28
1237694400000,1144.4
1237953600000,1144.27
1238040000000,1145.01
1238126400000,1145.03
1238212800000,1144.68
1238299200000,1145.58
1238385600000,1146.15
1238472000000,1146.25
1238558400000,1146.21
1238644800000,1146.2
1238731200000,1146.05
1238817600000,1146.34
1238904000000,1146.39
1238990400000,1146.43
1239076800000,1146.38
1239163200000,1146.29
1239249600000,1146.22
1239336000000,1146.2
1239422400000,1146.3
1239508800000,1146.34
1239595200000,1146.3
1239681600000,1146.28
1239768000000,1146.22
1239854400000,1146.18
1239940800000,1146.14
1240027200000,1146.17
1240113600000,1146.13
1240200000000,1146.13
1240286400000,1146.11
1240372800000,1146.25
1240459200000,1146.17
1240545600000,1146.17
1240632000000,1146.14
1240718400000,1146.13
1240804800000,1146.09
1240891200000,1146.11
1240977600000,1146.05
1241064000000,1146.91
1241150400000,1145.94
1241236800000,1145.57
1241323200000,1145.72
1241409600000,1146.12
1241496000000,1145.69
1241582400000,1145.38
1241668800000,1146.18
1241755200000,1146.16
1241841600000,1146.33
1241928000000,1146.28
1242014400000,1146.19
1242100800000,1146.17
1242187200000,1146.17
1242273600000,1146.14
1242360000000,1146.11
1242446400000,1146.14
1242532800000,1146.13
1242619200000,1145.82
1242705600000,1145.55
1242792000000,1145.38
1242878400000,1145.55
1242964800000,1145.74
1243051200000,1145.79
1243137600000,1145.74
1243224000000,1146.01
1243310400000,1145.4
1243396800000,1145.26
1243483200000,0
1243569600000,1145.76
1243656000000,1145.97
1243742400000,1145.45
1243828800000,1145.34
1243915200000,1145.07
1244001600000,1145.05
1244088000000,1144.88
1244174400000,1145.58
1244260800000,1145.54
1244347200000,1145.98
1244433600000,1145.68
1244520000000,1145.38
1244606400000,1145.57
1244692800000,1145.48
1244779200000,1145.12
1244865600000,1144.53
1244952000000,1144.48
1245038400000,1145.41
1245124800000,1144.94
1245211200000,1144.64
1245297600000,1145.36
1245384000000,1145.38
1245470400000,1145.72
1245556800000,1145.5
1245643200000,1144.3
1245729600000,1144.71
1245816000000,1144.92
1245902400000,1144.9
1245988800000,1144.38
1246075200000,1144.95
1246161600000,1145.15
1246248000000,1145.34
1246334400000,1144.56
1246420800000,1144.75
1246507200000,1145.32
1246593600000,1144.96
1246680000000,1145.03
1246766400000,1145.56
1246852800000,1144.51
1246939200000,1144.98
1247025600000,1144.78
1247112000000,1144.47
1247198400000,1144.56
1247284800000,1144.98
1247371200000,1145.8
1247457600000,1145.26
1247544000000,1145.36
1247630400000,1144.93
1247716800000,1145.03
1247803200000,1144.6
1247889600000,1145.12
1247976000000,1145.55
1248062400000,1144.3
1248148800000,1144.61
1248235200000,1144.65
1248321600000,1145.23
1248408000000,1145.04
1248494400000,1144.87
1248580800000,1145.49
1248667200000,1145.43
1248753600000,1145.11
1248840000000,1145.23
1248926400000,1144.6
1249012800000,1145.13
1249099200000,1145.69
1249185600000,1145.78
1249272000000,1145.17
1249358400000,1144.72
1249444800000,1144.54
1249531200000,1145.11
1249617600000,1145.15
1249704000000,1145.89
1249790400000,1145.48
1249876800000,1144.81
1249963200000,1144.66
1250049600000,1144.58
1250136000000,1144.9
1250222400000,1144.96
1250308800000,1144.92
1250395200000,1145.44
1250481600000,1145.61
1250568000000,1144.64
1250654400000,1144.42
1250740800000,1144.18
1250827200000,1144.48
1250913600000,1144.67
1251000000000,1145.07
1251086400000,1144.27
1251172800000,1144.84
1251259200000,1145.07
1251345600000,1145.17
1251432000000,1144.93
1251518400000,1143.93
1251604800000,1145.06
1251691200000,1145.31
1251777600000,1145.1
1251864000000,1144.71
1251950400000,1144.08
1252036800000,1144.25
1252123200000,1144.64
1252209600000,1145.62
1252296000000,1144.77
1252382400000,1144.09
1252468800000,1143.65
1252555200000,1144.18
1252641600000,1144.67
1252728000000,1144.25
1252814400000,1144.54
1252900800000,1144.18
1252987200000,1144.06
1253073600000,1143.71
1253160000000,1143.53
1253246400000,1143.76
1253332800000,1144.25
1253419200000,1145.47
1253505600000,1144.95
1253592000000,1144.95
1253678400000,1144.8
1253764800000,1144.53
1253851200000,1144.38
1253937600000,1143.63
1254024000000,1143.52
1254110400000,1143.09
1254196800000,1143.18
1254283200000,1142.18
1254369600000,1142.68
1254456000000,1142.64
1254542400000,1143.1
1254628800000,1144.46
1254715200000,1144.11
1254801600000,1143.82
1254888000000,1143.99
1254974400000,1143.85
1255060800000,1143.12
1255147200000,1143.23
1255233600000,1144.5
1255320000000,1144.13
1255406400000,1143.37
1255492800000,1142.99
1255579200000,1142.27
1255665600000,1141.72
1255752000000,1142.09
1255838400000,1143.45
1255924800000,1143.21
1256011200000,1141.57
1256097600000,1141.49
1256184000000,1142.3
1256270400000,1142.3
1256356800000,1143.31
1256443200000,1145.14
1256529600000,1144.5
1256616000000,1145.05
1256702400000,1145.07
1256788800000,1145.12
1256875200000,1144.27
1256961600000,1144.33
1257048000000,1145.6
1257138000000,1145.15
1257224400000,1145.16
1257310800000,1144.76
1257397200000,1145.22
1257483600000,1145.32
1257570000000,1145.18
1257656400000,1144.36
1257742800000,1145.2
1257829200000,1145.72
1257915600000,1144.84
1258002000000,1145.4
1258088400000,1145.74
1258174800000,1145.41
1258261200000,1145.41
1258347600000,1144.38
1258434000000,1144.54
1258520400000,1144.98
1258606800000,1145.55
1258693200000,1145.45
1258779600000,1145.55
1258866000000,1145.51
1258952400000,1145.15
1259038800000,1144.91
1259125200000,1144.14
1259211600000,1143.95
1259298000000,1144.42
1259384400000,1145.35
1259470800000,1145.48
1259557200000,1145.12
1259643600000,1144.71
1259730000000,1144.36
1259816400000,1143.51
1259902800000,1142.88
1259989200000,1143.46
1260075600000,1144.86
1260162000000,1144.7
1260248400000,1144.24
1260334800000,1144
1260421200000,1143.54
1260507600000,1143.57
1260594000000,1144.54
1260680400000,1145.71
1260766800000,1144.55
1260853200000,1145.1
1260939600000,1144.78
1261026000000,1144.88
1261112400000,1145.24
1261198800000,1145.46
1261285200000,1145.55
1261371600000,1144.37
1261458000000,1143.27
1261544400000,1143.67
1261630800000,1144.46
1261717200000,1145.64
1261803600000,1146.08
1261890000000,1145.91
1261976400000,1146
1262062800000,1146.03
1262149200000,1146.16
1262235600000,1146.14
1262322000000,1146
1262408400000,1145.34
1262494800000,1145.8
1262581200000,1146.06
1262667600000,1146.2
1262754000000,1146.17
1262840400000,1146.08
1262926800000,1146.1
1263013200000,1146.03
1263099600000,1145.88
1263186000000,1145.57
1263272400000,1145.85
1263358800000,1145.35
1263445200000,1145.86
1263531600000,1146.03
1263618000000,1145.55
1263704400000,1145.1
1263790800000,1145.27
1263877200000,1144.98
1263963600000,1144.12
1264050000000,1144.7
1264136400000,1144.78
1264222800000,1145
1264309200000,1145.26
1264395600000,1145.15
1264482000000,1145.62
1264568400000,1146.07
1264654800000,1145.94
1264741200000,1145.8
1264827600000,1145.07
1264914000000,1144.91
1265000400000,1144.64
1265086800000,1143.65
1265173200000,1143.9
1265259600000,1144.23
1265346000000,1144.85
1265432400000,1145.93
1265518800000,1145.49
1265605200000,1145.07
1265691600000,1144.86
1265778000000,1145.08
1265864400000,1144.6
1265950800000,1144.67
1266037200000,1145.2
1266123600000,1146.09
1266210000000,1146.03
1266296400000,1145.37
1266382800000,1144.93
1266469200000,1144.8
1266555600000,1145.83
1266642000000,1146.22
1266728400000,1146.11
1266814800000,1146.02
1266901200000,1146.06
1266987600000,1146.1
1267074000000,1146.14
1267160400000,1145.94
1267246800000,1146.08
1267333200000,1146.01
1267419600000,1145.97
1267506000000,1145.17
1267592400000,1144.84
1267678800000,1144.7
1267765200000,1144.3
1267851600000,1144.47
1267938000000,1144.59
1268024400000,1144.82
1268110800000,1145.23
1268197200000,1144.85
1268283600000,1144.43
1268370000000,1144.79
1268456400000,1144.74
1268542800000,1144.76
1268625600000,1144.73
1268712000000,1144.06
1268798400000,1144.34
1268884800000,1144.73
1268971200000,1144.34
1269057600000,1144.1
1269144000000,1143.8
1269230400000,1146.05
1269316800000,1145.91
1269403200000,1145.6
1269489600000,1145.32
1269576000000,1144.88
1269662400000,1145.52
1269748800000,1145.75
1269835200000,1144.6
1269921600000,1145.03
1270008000000,1146.03
1270094400000,1145.83
1270180800000,1146
1270267200000,1146.11
1270353600000,1145.92
1270440000000,1146.15
1270526400000,1146.17
1270612800000,1145.98
1270699200000,1145.35
1270785600000,1145.21
1270872000000,1145.52
1270958400000,1145.39
1271044800000,1145.39
1271131200000,1145.35
1271217600000,1146.26
1271304000000,1146.19
1271390400000,1146.12
1271476800000,1146.01
1271563200000,1145.83
1271649600000,1145.45
1271736000000,1145.12
1271822400000,1144.01
1271908800000,1145.01
1271995200000,1144.33
1272081600000,1143.8
1272168000000,1144.74
1272254400000,1145.5
1272340800000,1146.2
1272427200000,1146.28
1272513600000,1146.39
1272600000000,1146.48
1272686400000,1146.44
1272772800000,1146.35
1272859200000,1146.31
1272945600000,1146.31
1273032000000,1146.19
1273118400000,1146.24
1273204800000,1146.25
1273291200000,1146.21
1273377600000,1146.18
1273464000000,1146.19
1273550400000,1146.11
1273636800000,1146.17
1273723200000,1146.2
1273809600000,1146.2
1273896000000,1146.15
1273982400000,1146.17
1274068800000,1146.08
1274155200000,1145.57
1274241600000,1145.26
1274328000000,1145.41
1274414400000,1145.03
1274500800000,1145.61
1274587200000,1146.23
1274673600000,1146.13
1274760000000,1145.33
1274846400000,1146.12
1274932800000,1146.16
1275019200000,1146.2
1275105600000,1146.08
1275192000000,1146.03
1275278400000,1146.09
1275364800000,1146.03
1275451200000,1145.69
1275537600000,1145.2
1275624000000,1145.26
1275710400000,1144.67
1275796800000,1145.85
1275883200000,1145.16
1275969600000,1145.48
1276056000000,1145.31
1276142400000,1145.85
1276228800000,1145.39
1276315200000,1145.66
1276401600000,1145.06
1276488000000,1145.11
1276574400000,1145.31
1276660800000,1144.95
1276747200000,1145.27
1276833600000,1145.15
1276920000000,1145.85
1277006400000,1145.86
1277092800000,1145.69
1277179200000,1145.12
1277265600000,1145.01
1277352000000,1145.12
1277438400000,1145.2
1277524800000,1145.5
1277611200000,1145.08
1277697600000,1145.12
1277784000000,1144.24
1277870400000,1145.09
1277956800000,1145.97
1278043200000,1145.21
1278129600000,1145.19
1278216000000,1145.42
1278302400000,1145.62
1278388800000,1144.97
1278475200000,1144.94
1278561600000,1145.23
1278648000000,1144.93
1278734400000,1144.17
1278820800000,1144.62
1278907200000,1144.18
1278993600000,1144.94
1279080000000,1144.67
1279166400000,1144.76
1279252800000,1144.81
1279339200000,1145.12
1279425600000,1145.6
1279512000000,1145.52
1279598400000,1144.56
1279684800000,1144.4
1279771200000,1144.12
1279857600000,1144.41
1279944000000,1145.42
1280030400000,1145.5
1280116800000,1145.72
1280203200000,1145.07
1280289600000,1144.45
1280376000000,1143.74
1280462400000,1144.21
1280548800000,1144.5
1280635200000,1145.79
1280721600000,1144.05
1280808000000,1143.89
1280894400000,1144.02
1280980800000,1143.99
1281067200000,1143.87
1281153600000,1144.49
1281240000000,1144.8
1281326400000,1144.81
1281412800000,1144.22
1281499200000,1144.66
1281585600000,1145.27
1281672000000,1145.09
1281758400000,1145.38
1281844800000,1145.37
1281931200000,1145.21
1282017600000,1144.7
1282104000000,1144.51
1282190400000,1143.77
1282276800000,1144.2
1282363200000,1145.07
1282449600000,1144.87
1282536000000,1145.02
1282622400000,1144.46
1282708800000,1143.57
1282795200000,1143.26
1282881600000,1144.59
1282968000000,1145.24
1283054400000,1145.61
1283140800000,1145.65
1283227200000,1144.98
1283313600000,1144.79
1283400000000,1144.95
1283486400000,1144.71
1283572800000,1145.28
1283659200000,1145.67
1283745600000,1145.33
1283832000000,1144.72
1283918400000,1144.21
1284004800000,1144.22
1284091200000,1145.39
1284177600000,1144.76
1284264000000,1143.96
1284350400000,1144.18
1284436800000,1144.11
1284523200000,1144.12
1284609600000,1144.36
1284696000000,1143.84
1284782400000,1144.11
1284868800000,1145.04
1284955200000,1144.64
1285041600000,1143.16
1285128000000,1143.08
1285214400000,1144
1285300800000,1144.35
1285387200000,1145.57
1285473600000,1145.61
1285560000000,1144.39
1285646400000,1143.4
1285732800000,1143.42
1285819200000,1143.24
1285905600000,1143.29
1285992000000,1143.82
1286078400000,1145.58
1286164800000,1144.8
1286251200000,1143.47
1286337600000,1143.01
1286424000000,1142.81
1286510400000,1142.46
1286596800000,1143.94
1286683200000,1145.02
1286769600000,1143.45
1286856000000,1142.97
1286942400000,1142.75
1287028800000,1144.41
1287115200000,1144.27
1287201600000,1144.03
1287288000000,1144.23
1287374400000,1143.43
1287460800000,1143.06
1287547200000,1142.52
1287633600000,1142.48
1287720000000,1143.66
1287806400000,1144.08
1287892800000,1145.42
1287979200000,1144.1
1288065600000,1143.26
1288152000000,1143.17
1288238400000,1143.01
1288324800000,1143.35
1288411200000,1143.82
1288497600000,1144.81
1288584000000,1143.31
1288670400000,1141.51
1288756800000,1142.36
1288843200000,1142.5
1288929600000,1143.17
1289016000000,1143.72
1289102400000,1145.09
1289192400000,1144.81
1289278800000,1144.64
1289365200000,1143.67
1289451600000,1143.53
1289538000000,1145.22
1289624400000,1145.12
1289710800000,1145.11
1289797200000,1144
1289883600000,1143.41
1289970000000,1144.48
1290056400000,1142.74
1290142800000,1141.73
1290229200000,1142.71
1290315600000,1144.19
1290402000000,1142.2
1290488400000,1142.3
1290574800000,1141.66
1290661200000,1142.83
1290747600000,1143.63
1290834000000,1144.37
1290920400000,1144.12
1291006800000,1144.36
1291093200000,1142.26
1291179600000,1143.18
1291266000000,1143.51
1291352400000,1143.94
1291438800000,1144.74
1291525200000,1145.06
1291611600000,1144.45
1291698000000,1145.34
1291784400000,1145.12
1291870800000,1144.67
1291957200000,1144.9
1292043600000,1144.9
1292130000000,1143.49
1292216400000,1143.77
1292302800000,1142.84
1292389200000,1143.11
1292475600000,1143.69
1292562000000,1144.08
1292648400000,1143.85
1292734800000,1145.2
1292821200000,1145.24
1292907600000,1143.91
1292994000000,1145.2
1293080400000,1145.18
1293166800000,1144.8
1293253200000,1145.27
1293339600000,1144.9
1293426000000,1145.44
1293512400000,1144.65
1293598800000,1144.16
1293685200000,1143.13
1293771600000,1142.37
1293858000000,1144.05
1293944400000,1144.16
1294030800000,1144.94
1294117200000,1146.63
1294203600000,1143.51
1294290000000,1143.17
1294376400000,1143.26
1294462800000,1144.49
1294549200000,1145.92
1294635600000,1145.82
1294722000000,1145.47
1294808400000,1144.84
1294894800000,1144.67
1294981200000,1144.46
1295067600000,1144.25
1295154000000,1145.07
1295240400000,1145.49
1295326800000,1145.33
1295413200000,1145.18
1295499600000,1144.15
1295586000000,1143.75
1295672400000,1142.38
1295758800000,1143.6
1295845200000,1143.6
1295931600000,1143.43
1296018000000,1144.04
1296104400000,1144.27
1296190800000,1144.09
1296277200000,1144.45
1296363600000,1143.91
1296450000000,1143.49
1296536400000,1143.96
1296622800000,1143.91
1296709200000,1144.31
1296795600000,1144.35
1296882000000,1144.18
1296968400000,1144.64
1297054800000,1143.92
1297141200000,1142.54
1297227600000,1142.13
1297314000000,1142.73
1297400400000,1141.83
1297486800000,1143.68
1297573200000,1144.72
1297659600000,1144.59
1297746000000,1143.68
1297832400000,1144.6
1297918800000,1144.46
1298005200000,1145.02
1298091600000,1145.39
1298178000000,1144.95
1298264400000,1145.69
1298350800000,1145.52
1298437200000,1144.95
1298523600000,1143.5
1298610000000,1142.08
1298696400000,1143.49
1298782800000,1143.9
1298869200000,1143.6
1298955600000,1143.9
1299042000000,1143.42
1299128400000,1142.49
1299214800000,1143.23
1299301200000,1143.69
1299387600000,1145.72
1299474000000,1145.35
1299560400000,1144.44
1299646800000,1144.09
1299733200000,1144.24
1299819600000,1144.24
1299906000000,1144.64
1299992400000,1144.4
1300075200000,1143.23
1300161600000,1143.4
1300248000000,1144.02
1300334400000,1144.94
1300420800000,1145.32
1300507200000,1145.97
1300593600000,1145.73
1300680000000,1145.81
1300766400000,1145.98
1300852800000,1145.28
1300939200000,1143.36
1301025600000,1144.57
1301112000000,1144.24
1301198400000,1145.17
1301284800000,1144.92
1301371200000,1145.31
1301457600000,1144.46
1301544000000,1143.4
1301630400000,1144.65
1301716800000,1145.86
1301803200000,1145.35
1301889600000,1144.1
1301976000000,1144.73
1302062400000,1145.74
1302148800000,1146.23
1302235200000,1146.36
1302321600000,1146.23
1302408000000,1146.07
1302494400000,1146.11
1302580800000,1146.17
1302667200000,1146.28
1302753600000,1146.28
1302840000000,1146.17
1302926400000,1146.09
1303012800000,1146.14
1303099200000,1146.24
1303185600000,1146.31
1303272000000,1146.39
1303358400000,1146.36
1303444800000,1146.32
1303531200000,1146.39
1303617600000,1146.36
1303704000000,1146.33
1303790400000,1146.29
1303876800000,1146.25
1303963200000,1146.25
1304049600000,1146.28
1304136000000,1146.21
1304222400000,1146.25
1304308800000,1146.36
1304395200000,1146.32
1304481600000,1146.22
1304568000000,1146.3
1304654400000,1146.28
1304740800000,1146.29
1304827200000,1146.15
1304913600000,1146.2
1305000000000,1146.23
1305086400000,1146.17
1305172800000,1146.18
1305259200000,1146.94
1305345600000,1146.03
1305432000000,1146.02
1305518400000,1145.67
1305604800000,1145.18
1305691200000,1145.52
1305777600000,1145.1
1305864000000,1145.4
1305950400000,1145.52
1306036800000,1145.83
1306123200000,1145.84
1306209600000,1145.82
1306296000000,1146.15
1306382400000,1145.95
1306468800000,1146.76
1306555200000,1145.94
1306641600000,1145.01
1306728000000,1145.12
1306814400000,1145.46
1306900800000,1145.8
1306987200000,1144.79
1307073600000,1144.22
1307160000000,1145.8
1307246400000,1145.29
1307332800000,1144.64
1307419200000,1144.71
1307505600000,1144.23
1307592000000,1142.95
1307678400000,1143.94
1307764800000,1144.23
1307851200000,1145.34
1307937600000,1145.24
1308024000000,1143.66
1308110400000,1143.48
1308196800000,1142.7
1308283200000,1143.47
1308369600000,1143.59
1308456000000,1143.54
1308542400000,1142.82
1308628800000,1141.92
1308715200000,1142.37
1308801600000,1141.88
1308888000000,1142.85
1308974400000,1142.92
1309060800000,1143.1
1309147200000,1143.37
1309233600000,1142.62
1309320000000,1142.22
1309406400000,1142.16
1309492800000,1141.93
1309579200000,1141.76
1309665600000,1142.6
1309752000000,1143.97
1309838400000,1144.3
1309924800000,1143.42
1310011200000,1142.71
1310097600000,1142.55
1310184000000,1141.98
1310270400000,1142.53
1310356800000,1141.7
1310443200000,1142.14
1310529600000,1142.21
1310616000000,1142.04
1310702400000,1142.5
1310788800000,1141.9
1310875200000,1142.94
1310961600000,1143.88
1311048000000,1142.91
1311134400000,1142.41
1311220800000,1142.67
1311307200000,1142.14
1311393600000,1142.59
1311480000000,1143.94
1311566400000,1144.44
1311652800000,1144.22
1311739200000,1144.73
1311825600000,1144.1
1311912000000,1143.22
1311998400000,1141.66
1312084800000,1143.4
1312171200000,1143.36
1312257600000,1142.98
1312344000000,1143.17
1312430400000,1143.8
1312516800000,1142.5
1312603200000,1142.29
1312689600000,1143.74
1312776000000,1143.36
1312862400000,1142.98
1312948800000,1143.17
1313035200000,1143.8
1313121600000,1142.5
1313208000000,1142.29
1313294400000,1143.74
1313380800000,1143.23
1313467200000,1142.13
1313553600000,1143.1
1313640000000,1143.03
1313726400000,1142.41
1313812800000,1142.44
1313899200000,1142.76
1313985600000,1141.7
1314072000000,1142.52
1314158400000,1142.69
1314244800000,1143.21
1314331200000,1142.74
1314417600000,1142.6
1314504000000,1143.98
1314590400000,1142.32
1314676800000,1144.38
1314763200000,1145.69
1314849600000,1144.36
1314936000000,1144.38
1315022400000,1144.86
1315108800000,1145.12
1315195200000,1144.51
1315281600000,1143.29
1315368000000,1142.26
1315454400000,1142.46
1315540800000,1142.34
1315627200000,1142.85
1315713600000,1143.54
1315800000000,1143.04
1315886400000,1142.93
1315972800000,1143.89
1316059200000,1144.12
1316145600000,1143.34
1316232000000,1143.43
1316318400000,1144.16
1317009600000,1145.17
1317096000000,1144.24
1317182400000,1143.09
1317268800000,1143.62
1317355200000,1144.3
1317441600000,1144.72
1317528000000,1145.44
1318219200000,1145.58
1318305600000,1144.3
1318392000000,1144.16
1318478400000,1145.09
1318564800000,1145.94
1318651200000,1144.76
1318737600000,1144.98
1319428800000,1144.94
1319515200000,1144.59
1319601600000,1144.76
1319688000000,1144.55
1319774400000,1145.06
1319860800000,1144.76
1319947200000,1145.23
1320033600000,1145.04
1320120000000,1144.62
1320206400000,1143.4
1320292800000,1143.15
1320379200000,1143.21
1320465600000,1143.74
1320552000000,1144.59
1320642000000,1144.64
1320728400000,1145.12
1320814800000,1145.16
1320901200000,1144.79
1320987600000,1144.95
1321074000000,1145.61
1321160400000,1145.48
1321246800000,1145.66
1321333200000,1144.65
1321419600000,1143.89
1321506000000,1143.57
1321592400000,1143.16
1321678800000,1143.42
1321765200000,1144.16
1321851600000,1144.69
1321938000000,1144.17
1322024400000,1144.07
1322110800000,1144.35
1322197200000,1143.85
1322283600000,1143.67
1322370000000,1143.9
1322456400000,1143.94
1322542800000,1144.53
1322629200000,1145.01
1322715600000,1145.52
1322802000000,1144.01
1322888400000,1144.3
1322974800000,1144.16
1323061200000,1144.25
1323147600000,1145.49
1323234000000,1145.02
1323320400000,1145.57
1323406800000,1145.77
1323493200000,1144.76
1323579600000,1145.77
1323666000000,1145.86
1323752400000,1145.52
1323838800000,1145.72
1323925200000,1145.57
1324011600000,1144.44
1324098000000,1144.6
1324184400000,1144.41
1324270800000,1144.5
1324357200000,1144.79
1324443600000,1144.27
1324530000000,1144.87
1324616400000,1145.42
1324702800000,1145.49
1324789200000,1143.68
1324875600000,1144.05
1324962000000,1144.7
1325048400000,1144.25
1325134800000,1143.31
1325221200000,1143.1
1325307600000,1143.74
1325394000000,1144.32
1325480400000,1144.25
1325566800000,1144.39
1325653200000,1144.33
1325739600000,1143.38
1325826000000,1143.98
1325912400000,1143.63
1325998800000,1144.05
1326085200000,1144.42
1326171600000,1145.39
1326258000000,1145.15
1326344400000,1144
1326430800000,1143.3
1326517200000,1143.58
1326603600000,1145.49
1326690000000,1145.25
1326776400000,1145.12
1326862800000,1144.59
1326949200000,1144.06
1327035600000,1143.48
1327122000000,1143.16
1327208400000,1143.43
1327294800000,1143.57
1327381200000,1143.82
1327467600000,1143.37
1327554000000,1143.18
1327640400000,1143.54
1327726800000,1143.61
1327813200000,1143.79
1327899600000,1143.31
1327986000000,1143.82
1328072400000,1145.04
1328158800000,1144.36
1328245200000,1143.37
1328331600000,1143.69
1328418000000,1143.73
1328504400000,1142.56
1328590800000,1142.62
1328677200000,1143.26
1328763600000,1142.25
1328850000000,1142.43
1328936400000,1143.5
1329022800000,1145.03
1329109200000,1143.31
1329195600000,1142.62
1329282000000,1141.74
1329368400000,1141.32
1329454800000,1143.13
1329541200000,1143.65
1329627600000,1144.27
1329714000000,1144.31
1329800400000,1144.74
1329886800000,1143.33
1329973200000,1144.32
1330059600000,1145.19
1330146000000,1145.29
1330232400000,1144.96
1330923600000,1143.78
1331010000000,1143.27
1331096400000,1143.57
1331182800000,1144.49
1331269200000,1144.02
1331355600000,1143.4
1331442000000,1143.94
1331524800000,1144.92
1331611200000,1144.47
1331697600000,1144.55
1331784000000,1143.91
1331870400000,1143.84
1331956800000,1143.88
1332043200000,1144.94
1332129600000,1145.46
1332216000000,1144.07
1332302400000,1145.27
1332388800000,1143.24
1332475200000,1142.95
1332561600000,1144.12
1332648000000,1145.66
1333339200000,1143.03
1333425600000,1143.34
1333512000000,1144.91
1333598400000,1142.94
1333684800000,1145.36
1333771200000,1144.84
1333857600000,1144.92
1333944000000,1143.71
1334030400000,1143.16
1334116800000,1143.86
1334203200000,1143.2
1334289600000,1143.19
1334376000000,1143.79
1334462400000,1144.19
1334548800000,1142.62
1334635200000,1143.32
1334721600000,1145.08
1334808000000,1145.58
1334894400000,1144.08
1334980800000,1143.55
1335067200000,1143.94
1335153600000,1143.4
1335240000000,1143.07
1335326400000,1142.74
1335412800000,1142.76
1335499200000,1143.09
1335585600000,1143.47
1335672000000,1144.56
1335758400000,1145.65
1335844800000,1145.62
1335931200000,1144.5
1336017600000,1145
1336104000000,1144.74
1336190400000,1143.99
1336276800000,1145.75
1336363200000,1145.56
1336449600000,1145.48
1336536000000,1144.35
1336622400000,1142.97
1336708800000,1143.68
1336795200000,1145.27
1336881600000,1145.98
1336968000000,1145.91
1337054400000,1145.5
1337140800000,1144.71
1337227200000,1144.55
1337313600000,1144.67
1337400000000,1143.86
1337486400000,1143.96
1337572800000,1144.56
1339992000000,1143.85
1340078400000,1142.37
1340164800000,1143.22
1340251200000,1143.91
1340337600000,1144.12
1340424000000,1143.94
1340510400000,1144.61
1340596800000,1143.87
1340683200000,1142.27
1340769600000,1142.59
1340856000000,1142.48
1340942400000,1143.15
1341028800000,1143.72
1341115200000,1144.56
1341201600000,1143.68
1341288000000,1142.33
1341374400000,1142.86
1341460800000,1143.03
1341547200000,1141.75
1341633600000,1142.42
1341720000000,1143.41
1341806400000,1143.19
1341892800000,1141.16
1341979200000,1141.81
1342065600000,1141.84
1342152000000,1141.7
1342238400000,1141.74
1342324800000,1143.83
1342411200000,1143.12
1342497600000,1142.22
1342584000000,1142.01
1342670400000,1141.98
1342756800000,1141.64
1342843200000,1143.27
1342929600000,1144.49
1346040000000,1143.4
1346126400000,1143.65
1346212800000,1145
1346299200000,1144.16
1346385600000,1143.5
1346472000000,1144.19
1346558400000,1144.86
1346644800000,1142.59
1346731200000,1142.59
1346817600000,1142
1346904000000,1142.05
1346990400000,1142.3
1347076800000,1142.62
1347163200000,1142.7
1347249600000,1141.8
1347336000000,1142.3
1347422400000,1142.27
1347508800000,1142.5
1347595200000,1143.12
1347681600000,1144.1
1347768000000,1145
1348459200000,1143.25
1348545600000,1143.25
1348632000000,1142.28
1348718400000,1142.5
1348804800000,1143.68
1348891200000,1143.68
1348977600000,1143.95
1349064000000,1143.1
1349150400000,1141.83
1349236800000,1141.96
1349323200000,1142.07
1349409600000,1141.86
1349496000000,1142.32
1349582400000,1143.64
1349668800000,1144.2
1349755200000,1143.03
1349841600000,1141.87
1349928000000,1142.19
1350014400000,1142
1350100800000,1143.2
1350187200000,1144.52