1120017600000,1.231
1120104000000,1.231
1120190400000,1.229
1120276800000,1.224
1120363200000,1.231
1120449600000,1.231
1120536000000,1.231
1120622400000,1.231
1120708800000,1.231
1120795200000,1.231
1120881600000,1.22
1120968000000,1.226
1121054400000,1.207
1121140800000,1.204
1121227200000,1.204
1121313600000,1.204
1121400000000,1.207
1121486400000,1.224
1121572800000,1.183
1121659200000,1.178
1121745600000,1.183
1121832000000,1.211
1121918400000,1.185
1122004800000,1.228
1122091200000,1.257
1122177600000,1.281
1122264000000,1.268
1122350400000,1.233
1122436800000,1.231
1122523200000,1.231
1122609600000,1.233
1122696000000,1.255
1122782400000,1.255
1122868800000,1.233
1122955200000,1.231
1123041600000,1.231
1123128000000,1.231
1123214400000,1.231
1123300800000,1.231
1123387200000,1.231
1123473600000,1.231
1123560000000,1.231
1123646400000,1.231
1123732800000,1.224
1123819200000,1.176
1123905600000,1.226
1123992000000,1.231
1124078400000,1.231
1124164800000,1.224
1124251200000,1.159
1124337600000,1.152
1124424000000,1.152
1124510400000,1.152
1124596800000,1.152
1124683200000,1.15
1124769600000,1.129
1124856000000,1.127
1124942400000,1.127
1125028800000,1.127
1125115200000,1.137
1125201600000,1.246
1125288000000,1.257
1125374400000,1.255
1125460800000,1.235
1125547200000,1.239
1125633600000,1.207
1125720000000,1.204
1125806400000,1.204
1125892800000,1.206
1125979200000,1.223
1126065600000,1.217
1126152000000,1.18
1126238400000,1.152
1126324800000,1.152
1126411200000,1.152
1126497600000,1.178
1126584000000,1.2
1126670400000,1.157
1126756800000,1.152
1126843200000,1.155
1126929600000,1.176
1127016000000,1.18
1127102400000,1.202
1127188800000,1.2
1127275200000,1.161
1127361600000,1.2
1127448000000,1.2
1127534400000,1.144
1127620800000,1.129
1127707200000,1.146
1127793600000,1.11
1127880000000,1.048
1127966400000,1.131
1128052800000,1.315
1128139200000,1.36
1128225600000,1.364
1128312000000,1.369
1128398400000,1.4
1128484800000,1.378
1128571200000,1.394
1128657600000,1.444
1128744000000,1.432
1128830400000,1.416
1128916800000,1.391
1129003200000,1.366
1129089600000,1.364
1129176000000,1.364
1129262400000,1.369
1129348800000,1.409
1129435200000,1.391
1129521600000,1.369
1129608000000,1.364
1129694400000,1.366
1129780800000,1.391
1129867200000,1.416
1129953600000,1.416
1130040000000,1.391
1130126400000,1.371
1130212800000,1.414
1130299200000,1.419
1130385600000,1.414
1130472000000,1.369
1130558400000,1.369
1130644800000,1.412
1130734800000,1.391
1130821200000,1.366
1130907600000,1.351
1130994000000,1.33
1131080400000,1.384
1131166800000,1.393
1131253200000,1.394
1131339600000,1.391
1131426000000,1.414
1131512400000,1.419
1131598800000,1.419
1131685200000,1.405
1131771600000,1.391
1131858000000,1.378
1131944400000,1.364
1132030800000,1.362
1132117200000,1.339
1132203600000,1.337
1132290000000,1.337
1132376400000,1.344
1132462800000,1.412
1132549200000,1.416
1132635600000,1.389
1132722000000,1.342
1132808400000,1.342
1132894800000,1.387
1132981200000,1.393
1133067600000,1.562
1133154000000,1.601
1133240400000,1.6
1133326800000,1.681
1133413200000,1.6
1133499600000,1.586
1133586000000,1.574
1133672400000,1.572
1133758800000,1.572
1133845200000,1.583
1133931600000,1.574
1134018000000,1.569
1134104400000,1.557
1134190800000,1.557
1134277200000,1.557
1134363600000,1.557
1134450000000,1.557
1134536400000,1.557
1134622800000,1.557
1134709200000,1.555
1134795600000,1.527
1134882000000,1.478
1134968400000,1.481
1135054800000,1.55
1135141200000,1.557
1135227600000,1.557
1135314000000,1.557
1135400400000,1.572
1135486800000,1.574
1135573200000,1.572
1135659600000,1.569
1135746000000,1.557
1135832400000,1.557
1135918800000,1.557
1136005200000,1.557
1136091600000,1.56
1136178000000,1.583
1136264400000,1.583
1136350800000,1.56
1136437200000,1.546
1136523600000,1.543
1136610000000,1.557
1136696400000,1.583
1136782800000,1.586
1136869200000,1.588
1136955600000,1.612
1137042000000,1.614
1137128400000,1.614
1137214800000,1.614
1137301200000,1.614
1137387600000,1.614
1137474000000,1.614
1137560400000,1.612
1137646800000,1.588
1137733200000,1.586
1137819600000,1.586
1137906000000,1.583
1137992400000,1.56
1138078800000,1.557
1138165200000,1.557
1138251600000,1.562
1138338000000,1.595
1138424400000,1.586
1138510800000,1.586
1138597200000,1.586
1138683600000,1.586
1138770000000,1.586
1138856400000,1.588
1138942800000,1.612
1139029200000,1.614
1139115600000,1.588
1139202000000,1.459
1139288400000,1.557
1139374800000,1.555
1139461200000,1.532
1139547600000,1.515
1139634000000,1.501
1139720400000,1.479
1139806800000,1.253
1139893200000,1.231
1139979600000,1.288
1140066000000,1.477
1140152400000,1.255
1140238800000,1.25
1140325200000,1.233
1140411600000,1.231
1140498000000,1.231
1140584400000,1.224
1140670800000,1.159
1140757200000,1.313
1140843600000,1.476
1140930000000,1.532
1141016400000,1.609
1141102800000,1.614
1141189200000,1.619
1141275600000,1.666
1141362000000,1.666
1141448400000,1.619
1141534800000,1.614
1141621200000,1.614
1141707600000,1.6
1141794000000,1.586
1141880400000,1.59
1141966800000,1.638
1142053200000,1.628
1142139600000,1.619
1142226000000,1.654
1142312400000,1.669
1142398800000,1.674
1142485200000,1.698
1142571600000,1.7
1142658000000,1.698
1142744400000,1.674
1142830800000,1.671
1142917200000,1.671
1143003600000,1.671
1143090000000,1.657
1143176400000,1.643
1143262800000,1.647
1143349200000,1.695
1143435600000,1.7
1143522000000,1.7
1143608400000,1.695
1143694800000,1.647
1143781200000,1.626
1143867600000,1.619
1143954000000,1.669
1144036800000,1.674
1144123200000,1.749
1144209600000,2.122
1144296000000,1.79
1144382400000,1.702
1144468800000,1.702
1144555200000,1.726
1144641600000,1.726
1144728000000,1.702
1144814400000,1.698
1144900800000,1.674
1144987200000,1.671
1145073600000,1.671
1145160000000,1.671
1145246400000,1.671
1145332800000,1.676
1145419200000,1.717
1145505600000,1.645
1145592000000,1.588
1145678400000,1.562
1145764800000,1.588
1145851200000,1.633
1145937600000,1.597
1146024000000,1.662
1146110400000,1.645
1146196800000,1.645
1146283200000,1.698
1146369600000,1.8
1146456000000,2.851
1146542400000,3.999
1146628800000,3.859
1146715200000,3.097
1146801600000,2.563
1146888000000,1.814
1146974400000,1.705
1147060800000,1.753
1147147200000,1.753
1147233600000,1.705
1147320000000,1.7
1147406400000,1.7
1147492800000,1.698
1147579200000,1.674
1147665600000,1.669
1147752000000,1.647
1147838400000,1.666
1147924800000,1.638
1148011200000,1.567
1148097600000,1.581
1148184000000,1.562
1148270400000,1.583
1148356800000,1.572
1148443200000,1.557
1148529600000,1.541
1148616000000,1.508
1148702400000,1.555
1148788800000,1.628
1148875200000,1.695
1148961600000,1.688
1149048000000,1.698
1149134400000,1.674
1149220800000,1.671
1149307200000,1.671
1149393600000,1.671
1149480000000,1.671
1149566400000,1.666
1149652800000,1.619
1149739200000,1.611
1149825600000,1.584
1149912000000,1.636
1149998400000,1.633
1150084800000,1.691
1150171200000,1.604
1150257600000,1.633
1150344000000,1.576
1150430400000,1.574
1150516800000,1.584
1150603200000,1.612
1150689600000,1.65
1150776000000,1.605
1150862400000,1.594
1150948800000,1.576
1151035200000,1.576
1151121600000,1.569
1151208000000,1.587
1151294400000,1.608
1151380800000,1.571
1151467200000,1.567
1151553600000,1.549
1151640000000,1.542
1151726400000,1.544
1151812800000,1.573
1151899200000,1.577
1151985600000,1.57
1152072000000,1.571
1152158400000,1.629
1152244800000,1.627
1152331200000,1.664
1152417600000,1.688
1152504000000,1.679
1152590400000,1.63
1152676800000,1.628
1152763200000,1.641
1152849600000,1.663
1152936000000,1.665
1153022400000,1.721
1153108800000,1.719
1153195200000,1.723
1153281600000,1.672
1153368000000,1.624
1153454400000,1.625
1153540800000,1.688
1153627200000,1.741
1153713600000,1.694
1153800000000,1.743
1153886400000,1.73
1153972800000,1.684
1154059200000,1.675
1154145600000,1.672
1154232000000,1.7
1154318400000,1.711
1154404800000,1.708
1154491200000,1.653
1154577600000,1.611
1154664000000,1.564
1154750400000,1.59
1154836800000,1.61
1154923200000,1.563
1155009600000,1.557
1155096000000,1.561
1155182400000,1.593
1155268800000,1.614
1155355200000,1.688
1155441600000,1.723
1155528000000,1.671
1155614400000,1.603
1155700800000,1.566
1155787200000,1.567
1155873600000,1.606
1155960000000,1.662
1156046400000,1.682
1156132800000,1.648
1156219200000,1.604
1156305600000,1.586
1156392000000,1.586
1156478400000,1.581
1156564800000,1.588
1156651200000,1.674
1156737600000,1.683
1156824000000,1.668
1156910400000,1.668
1156996800000,1.629
1157083200000,1.636
1157169600000,1.627
1157256000000,1.662
1157342400000,1.671
1157428800000,1.668
1157515200000,1.633
1157601600000,1.615
1157688000000,1.614
1157774400000,1.671
1157860800000,1.652
1157947200000,1.631
1158033600000,1.625
1158120000000,1.603
1158206400000,1.591
1158292800000,1.614
1158379200000,1.63
1158465600000,1.621
1158552000000,1.603
1158638400000,1.586
1158724800000,1.58
1158811200000,1.573
1158897600000,1.564
1158984000000,1.563
1159070400000,1.563
1159156800000,1.55
1159243200000,1.453
1159329600000,1.493
1159416000000,1.452
1159502400000,1.522
1159588800000,1.643
1159675200000,1.65
1159761600000,1.589
1159848000000,1.488
1159934400000,1.451
1160020800000,1.463
1160107200000,1.5
1160193600000,1.532
1160280000000,1.536
1160366400000,1.549
1160452800000,1.607
1160539200000,1.536
1160625600000,1.524
1160712000000,1.515
1160798400000,1.494
1160884800000,1.506
1160971200000,1.539
1161057600000,1.582
1161144000000,1.614
1161230400000,1.628
1161316800000,1.593
1161403200000,1.614
1161489600000,1.587
1161576000000,1.551
1161662400000,1.58
1161748800000,1.56
1161835200000,1.553
1161921600000,1.565
1162008000000,1.58
1162094400000,1.586
1162184400000,1.586
1162270800000,1.601
1162357200000,1.563
1162443600000,1.58
1162530000000,1.622
1162616400000,1.626
1162702800000,1.635
1162789200000,1.623
1162875600000,1.592
1162962000000,1.627
1163048400000,1.626
1163134800000,1.577
1163221200000,1.569
1163307600000,1.558
1163394000000,1.556
1163480400000,1.535
1163566800000,1.521
1163653200000,1.543
1163739600000,1.566
1163826000000,1.566
1163912400000,1.557
1163998800000,1.556
1164085200000,1.543
1164171600000,1.506
1164258000000,1.501
1164344400000,1.511
1164430800000,1.528
1164517200000,1.532
1164603600000,1.567
1164690000000,1.56
1164776400000,1.564
1164862800000,1.625
1164949200000,1.631
1165035600000,1.631
1165122000000,1.606
1165208400000,1.572
1165294800000,1.555
1165381200000,1.519
1165467600000,1.507
1165554000000,1.502
1165640400000,1.507
1165726800000,1.568
1165813200000,1.585
1165899600000,1.642
1165986000000,1.623
1166072400000,1.625
1166158800000,1.641
1166245200000,1.728
1166331600000,1.682
1166418000000,1.669
1166504400000,1.666
1166590800000,1.663
1166677200000,1.669
1166763600000,1.668
1166850000000,1.685
1166936400000,1.676
1167022800000,1.689
1167109200000,1.703
1167195600000,1.717
1167282000000,1.714
1167368400000,1.699
1167454800000,1.688
1167541200000,1.67
1167627600000,1.645
1167714000000,1.637
1167800400000,1.624
1167886800000,1.629
1167973200000,1.669
1168059600000,1.645
1168146000000,1.654
1168232400000,1.652
1168318800000,1.716
1168405200000,1.686
1168491600000,1.651
1168578000000,1.748
1168664400000,1.619
1168750800000,1.657
1168837200000,1.629
1168923600000,1.649
1169010000000,1.663
1169096400000,1.639
1169182800000,1.614
1169269200000,1.6
1169355600000,1.595
1169442000000,1.663
1169528400000,1.626
1169614800000,1.588
1169701200000,1.571
1169787600000,1.577
1169874000000,1.585
1169960400000,1.579
1170046800000,1.637
1170133200000,1.654
1170219600000,1.663
1170306000000,1.542
1170392400000,1.538
1170478800000,1.572
1170565200000,1.578
1170651600000,1.562
1170738000000,1.583
1170824400000,1.586
1170910800000,1.6
1170997200000,1.616
1171083600000,1.634
1171170000000,1.608
1171256400000,1.587
1171342800000,1.601
1171429200000,1.598
1171515600000,1.586
1171602000000,1.604
1171688400000,1.642
1171774800000,1.646
1171861200000,1.675
1171947600000,1.692
1172034000000,1.697
1172120400000,1.66
1172206800000,1.613
1172293200000,1.577
1172379600000,1.566
1172466000000,1.631
1172552400000,1.651
1172638800000,1.595
1172725200000,1.622
1172811600000,1.621
1172898000000,1.63
1172984400000,1.627
1173070800000,1.608
1173157200000,1.598
1173243600000,1.679
1173330000000,1.713
1173416400000,1.714
1173502800000,1.723
1173589200000,1.73
1173672000000,1.738
1173758400000,1.745
1173844800000,1.752
1173931200000,1.767
1174017600000,1.708
1174104000000,1.646
1174190400000,1.614
1174276800000,1.588
1174363200000,1.583
1174449600000,1.557
1174536000000,1.531
1174622400000,1.514
1174708800000,1.513
1174795200000,1.523
1174881600000,1.574
1174968000000,1.522
1175054400000,1.574
1175140800000,1.676
1175227200000,2.184
1175313600000,2.355
1175400000000,2.467
1175486400000,1.773
1175572800000,1.636
1175659200000,1.632
1175745600000,1.59
1175832000000,1.574
1175918400000,1.569
1176004800000,1.56
1176091200000,1.575
1176177600000,1.625
1176264000000,1.608
1176350400000,1.581
1176436800000,1.585
1176523200000,1.586
1176609600000,1.586
1176696000000,1.662
1176782400000,3.165
1176868800000,3.927
1176955200000,3.769
1177041600000,3.604
1177128000000,3.442
1177214400000,3.281
1177300800000,3.123
1177387200000,3.274
1177473600000,3.223
1177560000000,2.802
1177646400000,2.839
1177732800000,3.08
1177819200000,3.634
1177905600000,1.835
1177992000000,1.882
1178078400000,1.888
1178164800000,2.8
1178251200000,3.26
1178337600000,2.724
1178424000000,2.716
1178510400000,2.708
1178596800000,2.701
1178683200000,2.608
1178769600000,1.791
1178856000000,1.867
1178942400000,2.072
1179028800000,2.283
1179115200000,2.419
1179201600000,2.355
1179288000000,2.545
1179374400000,1.995
1179460800000,1.846
1179547200000,1.824
1179633600000,1.605
1179720000000,1.56
1179806400000,1.557
1179892800000,1.562
1179979200000,1.612
1180065600000,1.566
1180152000000,1.56
1180238400000,1.583
1180324800000,1.583
1180411200000,1.557
1180497600000,1.532
1180584000000,1.535
1180670400000,1.597
1180756800000,1.629
1180843200000,1.631
1180929600000,1.625
1181016000000,1.614
1181102400000,1.601
1181188800000,1.591
1181275200000,1.588
1181361600000,1.612
1181448000000,1.616
1181534400000,1.607
1181620800000,1.588
1181707200000,1.615
1181793600000,1.63
1181880000000,1.613
1181966400000,1.588
1182052800000,1.59
1182139200000,1.64
1182225600000,1.663
1182312000000,1.597
1182398400000,1.607
1182484800000,1.617
1182571200000,1.623
1182657600000,1.626
1182744000000,1.59
1182830400000,1.593
1182916800000,1.59
1183003200000,1.628
1183089600000,1.641
1183176000000,1.632
1183262400000,1.63
1183348800000,1.618
1183435200000,1.608
1183521600000,1.597
1183608000000,1.591
1183694400000,1.601
1183780800000,1.63
1183867200000,1.63
1183953600000,1.615
1184040000000,1.614
1184126400000,1.614
1184212800000,1.612
1184299200000,1.588
1184385600000,1.587
1184472000000,1.596
1184558400000,1.601
1184644800000,1.638
1184731200000,1.638
1184817600000,1.643
1184904000000,1.642
1184990400000,1.631
1185076800000,1.618
1185163200000,1.611
1185249600000,1.569
1185336000000,1.557
1185422400000,1.557
1185508800000,1.557
1185595200000,1.557
1185681600000,1.557
1185768000000,1.563
1185854400000,1.606
1185940800000,1.629
1186027200000,1.631
1186113600000,1.611
1186200000000,1.628
1186286400000,1.637
1186372800000,1.596
1186459200000,1.623
1186545600000,1.588
1186632000000,1.564
1186718400000,1.582
1186804800000,1.631
1186891200000,1.639
1186977600000,1.593
1187064000000,1.511
1187150400000,1.502
1187236800000,1.504
1187323200000,1.536
1187409600000,1.577
1187496000000,1.619
1187582400000,1.643
1187668800000,1.659
1187755200000,1.648
1187841600000,1.642
1187928000000,1.66
1188014400000,1.646
1188100800000,1.664
1188187200000,1.669
1188273600000,1.633
1188360000000,1.576
1188446400000,1.538
1188532800000,1.533
1188619200000,1.558
1188705600000,1.6
1188792000000,1.586
1188878400000,1.557
1188964800000,1.554
1189051200000,1.522
1189137600000,1.554
1189224000000,1.562
1189310400000,1.587
1189396800000,1.586
1189483200000,1.557
1189569600000,1.557
1189656000000,1.555
1189742400000,1.532
1189828800000,1.524
1189915200000,1.554
1190001600000,1.572
1190088000000,1.56
1190174400000,1.558
1190260800000,1.558
1190347200000,1.567
1190433600000,1.586
1190520000000,1.604
1190606400000,1.583
1190692800000,1.53
1190779200000,1.504
1190865600000,1.506
1190952000000,1.562
1191038400000,1.585
1191124800000,1.586
1191211200000,1.574
1191297600000,1.557
1191384000000,1.557
1191470400000,1.538
1191556800000,1.524
1191643200000,1.594
1191729600000,1.61
1191816000000,1.57
1191902400000,1.546
1191988800000,1.532
1192075200000,1.555
1192161600000,1.56
1192248000000,1.583
1192334400000,1.579
1192420800000,1.508
1192507200000,1.501
1192593600000,1.501
1192680000000,1.506
1192766400000,1.541
1192852800000,1.562
1192939200000,1.598
1193025600000,1.597
1193112000000,1.556
1193198400000,1.519
1193284800000,1.537
1193371200000,1.557
1193457600000,1.574
1193544000000,1.626
1193630400000,1.692
1193716800000,1.668
1193803200000,1.586
1193889600000,1.535
1193976000000,1.559
1194062400000,1.567
1194148800000,1.51
1194238800000,1.501
1194325200000,1.501
1194411600000,1.501
1194498000000,1.515
1194584400000,1.543
1194670800000,1.557
1194757200000,1.529
1194843600000,1.504
1194930000000,1.502
1195016400000,1.504
1195102800000,1.504
1195189200000,1.507
1195275600000,1.554
1195362000000,1.566
1195448400000,1.572
1195534800000,1.554
1195621200000,1.514
1195707600000,1.51
1195794000000,1.553
1195880400000,1.557
1195966800000,1.536
1196053200000,1.503
1196139600000,1.501
1196226000000,1.529
1196312400000,1.542
1196398800000,1.566
1196485200000,1.558
1196571600000,1.557
1196658000000,1.557
1196744400000,1.564
1196830800000,1.569
1196917200000,1.577
1197003600000,1.616
1197090000000,1.617
1197176400000,1.61
1197262800000,1.572
1197349200000,1.556
1197435600000,1.534
1197522000000,1.555
1197608400000,1.562
1197694800000,1.611
1197781200000,1.763
1197867600000,2.903
1197954000000,1.798
1198040400000,1.674
1198126800000,1.667
1198213200000,1.623
1198299600000,1.612
1198386000000,1.576
1198472400000,1.613
1198558800000,1.645
1198645200000,1.641
1198731600000,1.632
1198818000000,1.637
1198904400000,1.665
1198990800000,1.688
1199077200000,1.677
1199163600000,1.568
1199250000000,1.557
1199336400000,1.557
1199422800000,1.56
1199509200000,1.586
1199595600000,1.617
1199682000000,1.617
1199768400000,1.588
1199854800000,1.588
1199941200000,1.617
1200027600000,1.625
1200114000000,1.634
1200200400000,1.664
1200286800000,1.634
1200373200000,1.627
1200459600000,1.589
1200546000000,1.591
1200632400000,1.597
1200718800000,1.605
1200805200000,1.614
1200891600000,1.602
1200978000000,1.579
1201064400000,1.559
1201150800000,1.557
1201237200000,1.557
1201323600000,1.557
1201410000000,1.557
1201496400000,1.554
1201582800000,1.525
1201669200000,1.572
1201755600000,1.627
1201842000000,1.623
1201928400000,1.618
1202014800000,1.629
1202101200000,1.615
1202187600000,1.613
1202274000000,1.604
1202360400000,1.599
1202446800000,1.591
1202533200000,1.59
1202619600000,1.626
1202706000000,1.615
1202792400000,1.6
1202878800000,1.588
1202965200000,1.608
1203051600000,1.553
1203138000000,1.56
1203224400000,1.625
1203310800000,1.625
1203397200000,1.564
1203483600000,1.557
1203570000000,1.56
1203656400000,1.611
1203742800000,1.679
1203829200000,1.625
1203915600000,1.588
1204002000000,1.589
1204088400000,1.631
1204174800000,1.665
1204261200000,1.639
1204347600000,1.631
1204434000000,1.627
1204520400000,1.604
1204606800000,1.614
1204693200000,1.612
1204779600000,1.592
1204866000000,1.634
1204952400000,1.675
1205038800000,1.671
1205121600000,1.651
1205208000000,1.625
1205294400000,1.612
1205380800000,1.582
1205467200000,1.581
1205553600000,1.64
1205640000000,1.659
1205726400000,1.585
1205812800000,1.582
1205899200000,1.618
1205985600000,1.614
1206072000000,1.604
1206158400000,1.632
1206244800000,1.656
1206331200000,1.67
1206417600000,1.651
1206504000000,1.634
1206590400000,1.659
1206676800000,1.618
1206763200000,1.607
1206849600000,1.615
1206936000000,1.615
1207022400000,1.63
1207108800000,1.824
1207195200000,3.945
1207281600000,4.172
1207368000000,4.172
1207454400000,4.172
1207540800000,4.172
1207627200000,4.172
1207713600000,4.172
1207800000000,4.172
1207886400000,4.172
1207972800000,4.172
1208059200000,4.172
1208145600000,4.172
1208232000000,4.172
1208318400000,4.172
1208404800000,4.172
1208491200000,4.172
1208577600000,4.172
1208664000000,4.172
1208750400000,4.172
1208836800000,4.172
1208923200000,4.172
1209009600000,4.172
1209096000000,4.172
1209182400000,4.172
1209268800000,4.172
1209355200000,4.172
1209441600000,4.172
1209528000000,4.172
1209614400000,4.172
1209700800000,4.172
1209787200000,4.172
1209873600000,4.172
1209960000000,4.172
1210046400000,4.172
1210132800000,4.172
1210219200000,4.172
1210305600000,4.172
1210392000000,4.172
1210478400000,4.172
1210564800000,4.172
1210651200000,4.172
1210737600000,4.172
1210824000000,4.172
1210910400000,4.157
1210996800000,3.995
1211083200000,3.978
1211169600000,3.919
1211256000000,3.853
1211342400000,3.76
1211428800000,3.906
1211515200000,4.049
1211601600000,4.162
1211688000000,4.058
1211774400000,3.995
1211860800000,4.085
1211947200000,4.168
1212033600000,4.107
1212120000000,3.992
1212206400000,3.98
1212292800000,3.919
1212379200000,3.909
1212465600000,3.678
1212552000000,3.447
1212638400000,3.444
1212724800000,2.63
1212811200000,1.817
1212897600000,1.734
1212984000000,1.666
1213070400000,1.639
1213156800000,1.629
1213243200000,1.628
1213329600000,1.623
1213416000000,1.63
1213502400000,1.63
1213588800000,1.623
1213675200000,1.666
1213761600000,1.671
1213848000000,1.671
1213934400000,1.673
1214020800000,1.682
1214107200000,1.636
1214193600000,1.631
1214280000000,1.645
1214366400000,1.645
1214452800000,1.631
1214539200000,1.636
1214625600000,1.683
1214712000000,1.677
1214798400000,1.643
1214884800000,1.665
1214971200000,1.645
1215057600000,1.651
1215144000000,1.653
1215230400000,1.643
1215316800000,1.643
1215403200000,1.643
1215489600000,1.643
1215576000000,1.643
1215662400000,1.643
1215748800000,1.645
1215835200000,1.67
1215921600000,1.676
1216008000000,1.594
1216094400000,1.586
1216180800000,1.586
1216267200000,1.586
1216353600000,1.589
1216440000000,1.627
1216526400000,1.63
1216612800000,1.618
1216699200000,1.614
1216785600000,1.614
1216872000000,1.612
1216958400000,1.613
1217044800000,1.629
1217131200000,1.63
1217217600000,1.616
1217304000000,1.616
1217390400000,1.616
1217476800000,1.616
1217563200000,1.617
1217649600000,1.619
1217736000000,1.621
1217822400000,1.622
1217908800000,1.624
1217995200000,1.626
1218081600000,1.628
1218168000000,1.629
1218254400000,1.631
1218340800000,1.633
1218427200000,1.635
1218513600000,1.636
1218600000000,1.638
1218686400000,1.64
1218772800000,1.642
1218859200000,1.643
1218945600000,1.645
1219032000000,1.647
1219118400000,1.649
1219204800000,1.65
1219291200000,1.652
1219377600000,1.654
1219464000000,1.656
1219550400000,1.657
1219636800000,1.659
1219723200000,1.661
1219809600000,1.663
1219896000000,1.664
1219982400000,1.666
1220068800000,1.668
1220155200000,1.67
1220241600000,1.671
1220328000000,1.654
1220414400000,1.668
1220500800000,1.671
1220587200000,1.68
1220673600000,1.688
1220760000000,1.688
1220846400000,1.68
1220932800000,1.671
1221019200000,1.671
1221105600000,1.671
1221192000000,1.68
1221278400000,1.688
1221364800000,1.68
1221451200000,1.671
1221537600000,1.673
1221624000000,1.687
1221710400000,1.688
1221796800000,1.688
1221883200000,1.688
1221969600000,1.688
1222056000000,1.687
1222142400000,1.67
1222228800000,1.645
1222315200000,1.643
1222401600000,1.643
1222488000000,1.665
1222574400000,1.688
1222660800000,1.688
1222747200000,1.68
1222833600000,1.671
1222920000000,1.671
1223006400000,1.68
1223092800000,1.688
1223179200000,1.675
1223265600000,1.542
1223352000000,1.515
1223438400000,1.501
1223524800000,1.501
1223611200000,1.501
1223697600000,1.501
1223784000000,1.501
1223870400000,1.511
1223956800000,1.606
1224043200000,1.623
1224129600000,1.564
1224216000000,1.546
1224302400000,1.555
1224388800000,1.543
1224475200000,1.585
1224561600000,1.632
1224648000000,1.623
1224734400000,1.538
1224820800000,1.533
1224907200000,1.557
1224993600000,1.626
1225080000000,1.564
1225166400000,1.557
1225252800000,1.557
1225339200000,1.562
1225425600000,1.611
1225512000000,1.635
1225598400000,1.637
1225688400000,1.63
1225774800000,1.615
1225861200000,1.609
1225947600000,1.615
1226034000000,1.633
1226120400000,1.665
1226206800000,1.645
1226293200000,1.637
1226379600000,1.624
1226466000000,1.619
1226552400000,1.59
1226638800000,1.613
1226725200000,1.65
1226811600000,1.668
1226898000000,1.634
1226984400000,1.63
1227070800000,1.615
1227157200000,1.614
1227243600000,1.612
1227330000000,1.618
1227416400000,1.666
1227502800000,1.671
1227589200000,1.644
1227675600000,1.63
1227762000000,1.624
1227848400000,1.628
1227934800000,1.62
1228021200000,1.663
1228107600000,1.634
1228194000000,1.63
1228280400000,1.623
1228366800000,1.669
1228453200000,2.454
1228539600000,3.319
1228626000000,1.785
1228712400000,1.652
1228798800000,1.671
1228885200000,1.668
1228971600000,1.651
1229058000000,1.635
1229144400000,1.653
1229230800000,1.657
1229317200000,1.647
1229403600000,1.67
1229490000000,1.683
1229576400000,1.649
1229662800000,1.669
1229749200000,1.68
1229835600000,1.687
1229922000000,1.67
1230008400000,1.639
1230094800000,1.63
1230181200000,1.623
1230267600000,1.63
1230354000000,1.657
1230440400000,1.669
1230526800000,1.647
1230613200000,1.669
1230699600000,1.671
1230786000000,1.671
1230872400000,1.669
1230958800000,1.645
1231045200000,1.643
1231131600000,1.657
1231218000000,1.671
1231304400000,1.654
1231390800000,1.668
1231477200000,1.673
1231563600000,1.687
1231650000000,1.687
1231736400000,1.668
1231822800000,1.627
1231909200000,1.623
1231995600000,1.644
1232082000000,1.688
1232168400000,1.699
1232254800000,1.699
1232341200000,1.688
1232427600000,1.675
1232514000000,1.671
1232600400000,1.671
1232686800000,1.674
1232773200000,1.685
1232859600000,1.679
1232946000000,1.674
1233032400000,1.671
1233118800000,1.671
1233205200000,1.671
1233291600000,1.671
1233378000000,1.671
1233464400000,1.671
1233550800000,1.664
1233637200000,1.644
1233723600000,1.637
1233810000000,1.636
1233896400000,1.653
1233982800000,1.681
1234069200000,1.67
1234155600000,1.644
1234242000000,1.632
1234328400000,1.639
1234414800000,1.662
1234501200000,1.593
1234587600000,1.6
1234674000000,1.614
1234760400000,1.615
1234846800000,1.63
1234933200000,1.631
1235019600000,1.624
1235106000000,1.628
1235192400000,1.613
1235278800000,1.59
1235365200000,1.612
1235451600000,1.614
1235538000000,1.614
1235624400000,1.612
1235710800000,1.602
1235797200000,1.616
1235883600000,1.641
1235970000000,1.673
1236056400000,1.691
1236142800000,1.674
1236229200000,1.686
1236315600000,1.679
1236402000000,1.687
1236488400000,1.684
1236571200000,1.656
1236657600000,1.671
1236744000000,1.671
1236830400000,1.651
1236916800000,1.63
1237003200000,1.664
1237089600000,1.659
1237176000000,1.652
1237262400000,1.631
1237348800000,1.631
1237435200000,1.631
1237521600000,1.63
1237608000000,1.644
1237694400000,1.671
1237780800000,1.671
1237867200000,1.671
1237953600000,1.671
1238040000000,2.922
1238126400000,4.172
1238212800000,4.172
1238299200000,4.172
1238385600000,4.172
1238472000000,4.172
1238558400000,4.172
1238644800000,4.172
1238731200000,4.172
1238817600000,4.172
1238904000000,4.172
1238990400000,4.172
1239076800000,4.172
1239163200000,4.172
1239249600000,4.172
1239336000000,4.172
1239422400000,4.172
1239508800000,4.172
1239595200000,4.172
1239681600000,4.172
1239768000000,4.172
1239854400000,4.172
1239940800000,4.171
1240027200000,3.918
1240113600000,3.059
1240200000000,1.812
1240286400000,1.823
1240372800000,3.505
1240459200000,2.992
1240545600000,3.286
1240632000000,3.47
1240718400000,3.201
1240804800000,2.869
1240891200000,2.356
1240977600000,1.761
1241064000000,1.67
1241150400000,1.634
1241236800000,1.631
1241323200000,1.623
1241409600000,1.614
1241496000000,1.708
1241582400000,3.379
1242792000000,3.097
1242878400000,2.872
1242964800000,2.651
1243051200000,2.541
1243137600000,1.713
1243224000000,1.668
1243310400000,1.668
1243396800000,1.626
1243483200000,1.611
1243569600000,1.66
1243656000000,1.688
1243742400000,1.687
1243828800000,1.673
1243915200000,1.666
1244001600000,1.62
1244088000000,1.623
1244174400000,1.771
1244260800000,3.505
1244347200000,2.354
1244433600000,1.697
1244520000000,1.631
1244606400000,1.63
1244692800000,1.615
1244779200000,1.615
1244865600000,1.63
1244952000000,1.636
1245038400000,1.636
1245124800000,1.632
1245211200000,1.625
1245297600000,1.616
1245384000000,1.63
1245470400000,1.632
1245556800000,1.642
1245643200000,1.64
1245729600000,1.605
1245816000000,1.612
1245902400000,1.614
1245988800000,1.614
1246075200000,1.621
1246161600000,1.623
1246248000000,1.624
1246334400000,1.63
1246420800000,1.615
1246507200000,1.614
1246593600000,1.612
1246680000000,1.588
1246766400000,1.574
1246852800000,1.578
1246939200000,1.575
1247025600000,1.585
1247112000000,1.586
1247198400000,1.588
1247284800000,1.612
1247371200000,1.615
1247457600000,1.629
1247544000000,1.618
1247630400000,1.612
1247716800000,1.588
1247803200000,1.572
1247889600000,1.56
1247976000000,1.583
1248062400000,1.6
1248148800000,1.614
1248235200000,1.614
1248321600000,1.6
1248408000000,1.572
1248494400000,1.56
1248580800000,1.583
1248667200000,1.6
1248753600000,1.614
1248840000000,1.6
1248926400000,1.586
1249012800000,1.588
1249099200000,1.612
1249185600000,1.612
1249272000000,1.588
1249358400000,1.583
1249444800000,1.56
1249531200000,1.557
1249617600000,1.572
1249704000000,1.586
1249790400000,1.586
1249876800000,1.58
1249963200000,1.574
1250049600000,1.566
1250136000000,1.559
1250222400000,1.574
1250308800000,1.599
1250395200000,1.614
1250481600000,1.614
1250568000000,1.594
1250654400000,1.573
1250740800000,1.559
1250827200000,1.567
1250913600000,1.599
1251000000000,1.614
1251086400000,1.6
1251172800000,1.586
1251259200000,1.586
1251345600000,1.581
1251432000000,1.58
1251518400000,1.599
1251604800000,1.614
1251691200000,1.6
1251777600000,1.586
1251864000000,1.6
1251950400000,1.614
1252036800000,1.6
1252123200000,1.572
1252209600000,1.557
1252296000000,1.557
1252382400000,1.56
1252468800000,1.583
1252555200000,1.6
1252641600000,1.609
1252728000000,1.562
1252814400000,1.557
1252900800000,1.557
1252987200000,1.557
1253073600000,1.572
1253160000000,1.586
1253246400000,1.6
1253332800000,1.612
1253419200000,1.574
1253505600000,1.557
1253592000000,1.557
1253678400000,1.557
1253764800000,1.557
1253851200000,1.557
1253937600000,1.572
1254024000000,1.583
1254110400000,1.56
1254196800000,1.557
1254283200000,1.56
1254369600000,1.569
1254456000000,1.557
1254542400000,1.557
1254628800000,1.557
1254715200000,1.543
1254801600000,1.541
1254888000000,1.534
1254974400000,1.555
1255060800000,1.555
1255147200000,1.532
1255233600000,1.529
1255320000000,1.529
1255406400000,1.527
1255492800000,1.501
1255579200000,1.476
1255665600000,1.46
1255752000000,1.502
1255838400000,1.572
1255924800000,1.583
1256011200000,1.56
1256097600000,1.557
1256184000000,1.557
1256270400000,1.557
1256356800000,1.546
1256443200000,1.569
1256529600000,1.586
1256616000000,1.583
1256702400000,1.56
1256788800000,1.557
1256875200000,1.557
1256961600000,1.554
1257048000000,1.525
1257138000000,1.551
1257224400000,1.527
1257310800000,1.532
1257397200000,1.555
1257483600000,1.557
1257570000000,1.557
1257656400000,1.557
1257742800000,1.567
1257829200000,1.585
1257915600000,1.58
1258002000000,1.574
1258088400000,1.566
1258174800000,1.557
1258261200000,1.557
1258347600000,1.557
1258434000000,1.559
1258520400000,1.572
1258606800000,1.566
1258693200000,1.567
1258779600000,1.573
1258866000000,1.579
1258952400000,1.579
1259038800000,1.574
1259125200000,1.575
1259211600000,1.584
1259298000000,1.574
1259384400000,1.559
1259470800000,1.557
1259557200000,1.557
1259643600000,1.557
1259730000000,1.557
1259816400000,1.557
1259902800000,1.557
1259989200000,1.557
1260075600000,1.557
1260162000000,1.555
1260248400000,1.543
1260334800000,1.543
1260421200000,1.534
1260507600000,1.555
1260594000000,1.557
1260680400000,1.557
1260766800000,1.557
1260853200000,1.557
1260939600000,1.557
1262322000000,1.799
1262408400000,1.585
1262494800000,1.579
1262581200000,1.66
1262667600000,2.265
1262754000000,4.003
1262840400000,4.172
1262926800000,4.172
1263013200000,3.95
1263099600000,1.863
1263186000000,1.626
1263272400000,1.607
1263358800000,1.589
1263445200000,1.613
1263531600000,1.604
1263618000000,1.597
1263704400000,1.596
1263790800000,1.592
1263877200000,1.592
1263963600000,1.595
1264050000000,1.586
1264136400000,1.576
1264222800000,1.578
1264309200000,1.611
1264395600000,1.609
1264482000000,1.567
1264568400000,2.661
1264654800000,1.813
1264741200000,1.614
1264827600000,1.614
1264914000000,1.614
1265000400000,1.614
1265086800000,1.614
1265173200000,1.615
1265259600000,1.63
1265346000000,1.63
1265432400000,1.615
1265518800000,1.563
1265605200000,1.559
1265691600000,1.572
1265778000000,1.559
1265864400000,1.557
1265950800000,1.559
1266037200000,1.576
1266123600000,1.611
1266210000000,1.614
1266296400000,1.614
1266382800000,1.614
1266469200000,1.615
1266555600000,1.63
1266642000000,1.631
1266728400000,1.631
1266814800000,1.623
1266901200000,1.615
1266987600000,1.65
1267074000000,2.922
1267160400000,4.172
1267246800000,4.172
1267333200000,3.945
1267419600000,1.813
1267506000000,1.614
1267592400000,1.614
1267678800000,1.612
1267765200000,1.588
1267851600000,1.586
1267938000000,1.588
1268024400000,1.612
1268110800000,1.623
1268197200000,1.631
1268283600000,1.623
1268370000000,1.617
1268456400000,1.614
1268542800000,1.614
1268625600000,1.614
1268712000000,1.614
1268798400000,1.614
1268884800000,1.614
1268971200000,1.614
1269057600000,1.614
1269144000000,1.614
1269230400000,1.614
1269316800000,1.6
1269403200000,1.572
1269489600000,1.559
1269576000000,1.573
1269662400000,1.574
1269748800000,1.578
1269835200000,1.611
1269921600000,1.614
1270008000000,1.615
1270094400000,2.703
1270180800000,1.818
1270267200000,1.614
1270353600000,1.614
1270440000000,1.586
1270526400000,1.562
1270612800000,1.582
1270699200000,1.576
1270785600000,1.612
1270872000000,1.63
1270958400000,1.63
1271044800000,1.615
1271131200000,1.614
1271217600000,1.619
1271304000000,1.666
1271390400000,1.666
1271476800000,1.619
1271563200000,1.614
1271649600000,1.615
1271736000000,1.628
1271822400000,1.627
1271908800000,1.616
1271995200000,1.6
1272081600000,1.558
1272168000000,1.532
1272254400000,1.612
1272340800000,1.805
1272427200000,3.323
1272513600000,4.12
1272600000000,4.172
1272686400000,4.172
1272772800000,4.172
1272859200000,4.172
1272945600000,4.172
1273032000000,4.036
1273118400000,2.72
1273204800000,2.593
1273291200000,2.601
1273377600000,2.51
1273464000000,1.693
1273550400000,1.62
1273636800000,1.803
1273723200000,3.297
1273809600000,2.494
1273896000000,2.3
1273982400000,2.305
1274068800000,2.287
1274155200000,1.879
1274241600000,1.658
1274328000000,1.543
1274414400000,1.758
1274500800000,3.939
1274587200000,4.172
1274673600000,4.172
1274760000000,4.172
1274846400000,4.107
1274932800000,3.504
1275019200000,3.96
1275105600000,3.159
1275192000000,2.279
1275278400000,1.995
1275364800000,1.647
1275451200000,1.615
1275537600000,1.615
1275624000000,1.63
1275710400000,1.623
1275796800000,1.613
1275883200000,1.601
1275969600000,1.586
1276056000000,1.57
1276142400000,1.563
1276228800000,1.616
1276315200000,1.615
1276401600000,1.609
1276488000000,1.562
1276574400000,1.557
1276660800000,1.557
1276747200000,1.556
1276833600000,1.546
1276920000000,1.582
1277006400000,1.586
1277092800000,1.585
1277179200000,1.575
1277265600000,1.574
1277352000000,1.573
1277438400000,1.561
1277524800000,1.588
1277611200000,1.587
1277697600000,1.58
1277784000000,1.566
1277870400000,1.557
1277956800000,1.557
1278043200000,1.557
1278129600000,1.56
1278216000000,1.583
1278302400000,1.573
1278388800000,1.573
1278475200000,1.571
1278561600000,1.533
1278648000000,1.532
1278734400000,1.564
1278820800000,1.554
1278907200000,1.555
1278993600000,1.557
1279080000000,1.557
1279166400000,1.557
1279252800000,1.557
1279339200000,1.543
1279425600000,1.532
1279512000000,1.555
1279598400000,1.555
1279684800000,1.532
1279771200000,1.533
1279857600000,1.572
1279944000000,1.585
1280030400000,1.583
1280116800000,1.56
1280203200000,1.557
1280289600000,1.555
1280376000000,1.527
1280462400000,1.481
1280548800000,1.512
1280635200000,1.575
1280721600000,1.576
1280808000000,1.533
1280894400000,1.524
1280980800000,1.524
1281067200000,1.529
1281153600000,1.529
1281240000000,1.528
1281326400000,1.52
1281412800000,1.526
1281499200000,1.527
1281585600000,1.529
1281672000000,1.529
1281758400000,1.529
1281844800000,1.529
1281931200000,1.529
1282017600000,1.529
1282104000000,1.541
1282190400000,1.532
1282276800000,1.532
1282363200000,1.555
1282449600000,1.555
1282536000000,1.532
1282622400000,1.527
1282708800000,1.507
1282795200000,1.468
1282881600000,1.471
1282968000000,1.517
1283054400000,1.58
1283140800000,1.583
1283227200000,1.562
1283313600000,1.583
1283400000000,1.579
1283486400000,1.56
1283572800000,1.572
1283659200000,1.566
1283745600000,1.556
1283832000000,1.529
1283918400000,1.518
1284004800000,1.555
1284091200000,1.536
1284177600000,1.579
1284264000000,1.583
1284350400000,1.56
1284436800000,1.557
1284523200000,1.557
1284609600000,1.557
1284696000000,1.566
1284782400000,1.574
1284868800000,1.574
1284955200000,1.564
1285041600000,1.542
1285128000000,1.547
1285214400000,1.554
1285300800000,1.558
1285387200000,1.573
1285473600000,1.573
1285560000000,1.559
1285646400000,1.555
1285732800000,1.506
1285819200000,1.501
1285905600000,1.501
1285992000000,1.501
1286078400000,1.498
1286164800000,1.491
1286251200000,1.49
1286337600000,1.488
1286424000000,1.485
1286510400000,1.489
1286596800000,1.466
1286683200000,1.446
1286769600000,1.446
1286856000000,1.446
1286942400000,1.446
1287028800000,1.448
1287115200000,1.471
1287201600000,1.471
1287288000000,1.443
1287374400000,1.435
1287460800000,1.435
1287547200000,1.429
1287633600000,1.42
1287720000000,1.428
1287806400000,1.424
1287892800000,1.421
1287979200000,1.419
1288065600000,1.419
1288152000000,1.419
1288238400000,1.419
1288324800000,1.419
1288411200000,1.419
1288497600000,1.419
1288584000000,1.419
1288670400000,1.419
1288756800000,1.413
1288843200000,1.408
1288929600000,1.408
1289016000000,1.407
1289102400000,1.403
1289192400000,1.399
1289278800000,1.397
1289365200000,1.394
1289451600000,1.524
1289538000000,1.509
1289624400000,1.419
1289710800000,1.413
1289797200000,1.408
1289883600000,1.408
1289970000000,1.408
1290056400000,1.404
1290142800000,1.368
1290229200000,1.364
1290315600000,1.364
1290402000000,1.366
1290488400000,1.394
1290574800000,1.4
1290661200000,1.415
1290747600000,1.469
1290834000000,1.474
1290920400000,1.474
1291006800000,1.471
1291093200000,1.448
1291179600000,1.446
1291266000000,1.451
1291352400000,1.483
1291438800000,1.474
1291525200000,1.474
1291611600000,1.474
1291698000000,1.476
1291784400000,1.499
1291870800000,1.501
1291957200000,1.506
1292043600000,1.561
1292130000000,1.536
1292216400000,1.476
1292302800000,1.474
1292389200000,1.474
1292475600000,1.474
1292562000000,1.474
1292648400000,1.474
1292734800000,1.478
1292821200000,1.526
1292907600000,1.536
1292994000000,1.505
1293080400000,1.488
1293166800000,1.474
1293253200000,1.474
1293339600000,1.474
1293426000000,1.474
1293512400000,1.474
1293598800000,1.474
1293685200000,1.474
1293771600000,1.474
1293858000000,1.499
1293944400000,1.501
1294030800000,1.499
1294117200000,1.476
1294203600000,1.474
1294290000000,1.488
1294376400000,1.508
1294462800000,1.553
1294549200000,1.529
1294635600000,1.499
1294722000000,1.476
1294808400000,1.476
1294894800000,1.508
1294981200000,1.528
1295067600000,1.529
1295154000000,1.529
1295240400000,1.529
1295326800000,1.529
1295413200000,1.527
1295499600000,1.501
1295586000000,1.476
1295672400000,1.474
1295758800000,1.474
1295845200000,1.474
1295931600000,1.474
1296018000000,1.474
1296104400000,1.476
1296190800000,1.499
1296277200000,1.501
1296363600000,1.499
1296450000000,1.476
1296536400000,1.474
1296622800000,1.474
1296709200000,1.474
1296795600000,1.474
1296882000000,1.469
1296968400000,1.423
1297054800000,1.419
1297141200000,1.419
1297227600000,1.423
1297314000000,1.483
1297400400000,1.499
1297486800000,1.476
1297573200000,1.476
1297659600000,1.499
1297746000000,1.502
1297832400000,1.513
1297918800000,1.504
1298005200000,1.522
1298091600000,1.529
1298178000000,1.529
1298264400000,1.529
1298350800000,1.501
1298437200000,1.474
1298523600000,1.471
1298610000000,1.438
1298696400000,1.459
1298782800000,1.441
1298869200000,1.421
1298955600000,1.441
1299042000000,1.421
1299128400000,1.419
1299214800000,1.437
1299301200000,1.497
1299387600000,1.506
1299474000000,1.55
1299560400000,1.547
1299646800000,1.572
1299733200000,1.559
1299819600000,1.553
1299906000000,1.504
1299992400000,1.478
1300075200000,1.499
1300161600000,1.501
1300248000000,1.501
1300334400000,1.501
1300420800000,1.499
1300507200000,1.476
1300593600000,1.474
1300680000000,1.474
1300766400000,1.478
1300852800000,1.522
1300939200000,1.504
1301025600000,1.499
1301112000000,1.476
1301198400000,1.476
1301284800000,1.496
1301371200000,1.485
1301457600000,1.488
1301544000000,1.497
1301630400000,1.476
1301716800000,1.474
1301803200000,1.476
1301889600000,1.499
1301976000000,1.499
1302062400000,1.483
1302148800000,1.753
1302235200000,3.939
1302321600000,4.172
1302408000000,4.172
1302494400000,4.172
1302580800000,4.172
1302667200000,4.172
1302753600000,4.172
1302840000000,4.048
1302926400000,2.855
1303012800000,3.133
1303099200000,2.986
1303185600000,2.768
1303272000000,4.049
1303358400000,4.172
1303444800000,4.172
1303531200000,4.172
1303617600000,4.172
1303704000000,4.172
1303790400000,4.172
1303876800000,4.172
1303963200000,4.132
1304049600000,3.605
1304136000000,3.309
1304222400000,4.085
1304308800000,4.172
1304395200000,4.172
1304481600000,4.172
1304568000000,4.172
1304654400000,4.172
1304740800000,4.172
1304827200000,4.172
1304913600000,4.097
1305000000000,3.111
1305086400000,2.63
1305172800000,2.532
1305259200000,1.747
1305345600000,1.651
1305432000000,1.631
1305518400000,1.631
1305604800000,1.63
1305691200000,1.611
1305777600000,1.564
1305864000000,1.586
1305950400000,1.621
1306036800000,1.65
1306123200000,1.686
1306209600000,2.459
1306296000000,1.753
1306382400000,1.645
1306468800000,1.614
1306555200000,1.583
1306641600000,1.56
1306728000000,1.543
1306814400000,1.529
1306900800000,1.529
1306987200000,1.532
1307073600000,1.541
1307160000000,1.543
1307246400000,1.559
1307332800000,1.573
1307419200000,1.573
1307505600000,1.559
1307592000000,1.557
1307678400000,1.56
1307764800000,1.583
1307851200000,1.583
1307937600000,1.557
1308024000000,1.532
1308110400000,1.529
1308196800000,1.525
1308283200000,1.478
1308369600000,1.474
1308456000000,1.474
1308542400000,1.46
1308628800000,1.446
1308715200000,1.446
1308801600000,1.446
1308888000000,1.444
1308974400000,1.421
1309060800000,1.419
1309147200000,1.416
1309233600000,1.393
1309320000000,1.378
1309406400000,1.371
1309492800000,1.439
1309579200000,1.444
1309665600000,1.421
1309752000000,1.419
1309838400000,1.419
1309924800000,1.421
1310011200000,1.446
1310097600000,1.485
1310184000000,1.501
1310270400000,1.503
1310356800000,1.517
1310443200000,1.517
1310529600000,1.503
1310616000000,1.501
1310702400000,1.49
1310788800000,1.499
1310875200000,1.499
1310961600000,1.476
1311048000000,1.484
1311134400000,1.47
1311220800000,1.464
1311307200000,1.484
1311393600000,1.476
1311480000000,1.476
1311566400000,1.499
1311652800000,1.501
1311739200000,1.501
1311825600000,1.501
1311912000000,1.503
1311998400000,1.52
1312084800000,1.527
1312171200000,1.49
1312257600000,1.474
1312344000000,1.474
1312430400000,1.474
1312516800000,1.471
1312603200000,1.448
1312689600000,1.446
1312776000000,1.446
1312862400000,1.446
1312948800000,1.446
1313035200000,1.448
1313121600000,1.471
1313208000000,1.474
1313294400000,1.474
1313380800000,1.474
1313467200000,1.474
1313553600000,1.468
1313640000000,1.463
1313726400000,1.463
1313812800000,1.463
1313899200000,1.463
1313985600000,1.463
1314072000000,1.454
1314158400000,1.446
1314244800000,1.446
1314331200000,1.446
1314417600000,1.447
1314504000000,1.461
1314590400000,1.463
1314676800000,1.463
1314763200000,1.461
1314849600000,1.447
1314936000000,1.446
1315022400000,1.446
1315108800000,1.447
1315195200000,1.461
1315281600000,1.454
1315368000000,1.455
1315454400000,1.454
1315540800000,1.504
1315627200000,1.499
1315713600000,1.476
1315800000000,1.474
1315886400000,1.488
1315972800000,1.49
1316059200000,1.499
1316145600000,1.499
1316232000000,1.476
1316318400000,1.474
1316404800000,1.474
1316491200000,1.469
1316577600000,1.422
1316664000000,1.416
1316750400000,1.522
1316836800000,1.557
1316923200000,1.559
1317009600000,1.573
1317096000000,1.573
1317182400000,1.552
1317268800000,1.478
1317355200000,1.458
1317441600000,1.548
1317528000000,1.557
1317614400000,1.557
1317700800000,1.529
1317787200000,1.501
1317873600000,1.501
1317960000000,1.499
1318046400000,1.476
1318132800000,1.474
1318219200000,1.474
1318305600000,1.488
1318392000000,1.501
1318478400000,1.501
1318564800000,1.501
1318651200000,1.529
1318737600000,1.557
1318824000000,1.555
1318910400000,1.532
1318996800000,1.529
1319083200000,1.529
1319169600000,1.501
1319256000000,1.488
1319342400000,1.501
1319428800000,1.488
1319515200000,1.474
1319601600000,1.474
1319688000000,1.474
1319774400000,1.46
1319860800000,1.454
1319947200000,1.466
1320033600000,1.498
1320120000000,1.499
1320206400000,1.476
1320292800000,1.474
1320379200000,1.475
1320465600000,1.481
1320552000000,1.484
1320642000000,1.485
1320728400000,1.488
1320814800000,1.482
1320901200000,1.477
1320987600000,1.499
1321074000000,1.501
1321160400000,1.499
1321246800000,1.476
1321333200000,1.476
1321419600000,1.499
1321506000000,1.501
1321592400000,1.501
1321678800000,1.501
1321765200000,1.499
1321851600000,1.476
1321938000000,1.474
1322024400000,1.474
1322110800000,1.476
1322197200000,1.499
1322283600000,1.501
1322370000000,1.499
1322456400000,1.501
1322542800000,1.499
1322629200000,1.492
1322715600000,1.548
1322802000000,1.506
1322888400000,1.501
1322974800000,1.488
1323061200000,1.474
1323147600000,1.492
1323234000000,1.551
1323320400000,1.542
1323406800000,1.54
1323493200000,1.53
1323579600000,1.529
1323666000000,1.529
1323752400000,1.543
1323838800000,1.541
1323925200000,1.504
1324011600000,1.501
1324098000000,1.499
1324184400000,1.488
1324270800000,1.476
1324357200000,1.476
1324443600000,1.499
1324530000000,1.501
1324616400000,1.499
1324702800000,1.684
1324789200000,3.931
1324875600000,4.032
1324962000000,2.614
1325048400000,1.614
1325134800000,1.492
1325221200000,1.474
1325307600000,0.987
1325394000000,1.465
1325480400000,1.478
1325566800000,1.497
1325653200000,1.478
1325739600000,1.493
1325826000000,1.486
1325912400000,1.479
1325998800000,1.474
1326085200000,1.482
1326171600000,1.48
1326258000000,1.476
1326344400000,1.499
1326430800000,1.488
1326517200000,1.474
1326603600000,1.474
1326690000000,1.474
1326776400000,1.476
1326862800000,1.499
1326949200000,1.501
1327035600000,1.501
1327122000000,1.501
1327208400000,1.488
1327294800000,1.474
1327381200000,1.474
1327467600000,1.474
1327554000000,1.474
1327640400000,1.474
1327726800000,1.469
1327813200000,1.473
1327899600000,1.462
1327986000000,1.46
1328072400000,1.471
1328158800000,1.474
1328245200000,1.474
1328331600000,1.476
1328418000000,1.485
1328504400000,1.488
1328590800000,1.503
1328677200000,1.513
1328763600000,1.482
1328850000000,1.525
1328936400000,1.527
1329022800000,1.497
1329109200000,1.475
1329195600000,1.463
1329282000000,1.468
1329368400000,1.485
1329454800000,1.469
1329541200000,1.45
1329627600000,1.471
1329714000000,1.476
1329800400000,1.499
1329886800000,1.504
1329973200000,1.529
1330059600000,1.555
1330146000000,1.555
1330232400000,1.532
1330318800000,1.532
1330405200000,1.555
1330491600000,1.553
1330578000000,1.494
1330664400000,1.499
1330750800000,1.49
1330837200000,1.499
1330923600000,1.501
1331010000000,1.504
1331096400000,1.527
1331182800000,1.528
1331269200000,1.519
1331355600000,1.51
1331442000000,1.501
1331524800000,1.499
1331611200000,1.476
1331697600000,1.474
1331784000000,1.476
1331870400000,1.497
1331956800000,1.476
1332043200000,1.474
1332129600000,1.473
1332216000000,1.463
1332302400000,1.445
1332388800000,1.469
1332475200000,1.474
1332561600000,1.488
1332648000000,1.501
1332734400000,1.501
1332820800000,1.499
1332907200000,1.498
1332993600000,1.518
1333080000000,1.503
1333166400000,1.434
1333252800000,1.501
1333339200000,1.501
1333425600000,1.501
1333512000000,1.506
1333598400000,1.553
1333684800000,1.557
1333771200000,1.572
1333857600000,1.585
1333944000000,1.575
1334030400000,1.57
1334116800000,1.514
1334203200000,1.501
1334289600000,1.501
1334376000000,1.488
1334462400000,1.476
1334548800000,1.536
1334635200000,1.574
1334721600000,1.574
1334808000000,1.575
1334894400000,1.587
1334980800000,1.6
1335067200000,1.604
1335153600000,1.526
1335240000000,1.51
1335326400000,1.506
1335412800000,1.555
1335499200000,1.579
1335585600000,1.582
1335672000000,1.561
1335758400000,1.564
1335844800000,1.557
1335931200000,1.557
1336017600000,1.559
1336104000000,1.573
1336190400000,1.58
1336276800000,1.595
1336363200000,1.564
1336449600000,1.574
1336536000000,1.578
1336622400000,1.568
1336708800000,1.587
1336795200000,1.612
1336881600000,1.612
1336968000000,1.586
1337054400000,1.56
1337140800000,1.543
1337227200000,1.515
1337313600000,1.499
1337400000000,1.476
1337486400000,1.474
1337572800000,1.458
1337659200000,1.423
1337745600000,1.437
1337832000000,1.443
1337918400000,1.432
1338004800000,1.435
1338091200000,1.447
1338177600000,1.46
1338264000000,1.45
1338350400000,1.471
1338436800000,1.474
1338523200000,1.474
1338609600000,1.474
1338696000000,1.474
1338782400000,1.473
1338868800000,1.468
1338955200000,1.457
1339041600000,1.462
1339128000000,1.487
1339214400000,1.501
1339300800000,1.501
1339387200000,1.499
1339473600000,1.476
1339560000000,1.485
1339646400000,1.49
1339732800000,1.499
1339819200000,1.476
1339905600000,1.474
1339992000000,1.481
1340078400000,1.5
1340164800000,1.5
1340251200000,1.494
1340337600000,1.498
1340424000000,1.466
1340510400000,1.463
1340596800000,1.461
1340683200000,1.447
1340769600000,1.446
1340856000000,1.448
1340942400000,1.471
1341028800000,1.474
1341115200000,1.474
1341201600000,1.474
1341288000000,1.476
1341374400000,1.499
1341460800000,1.501
1341547200000,1.501
1341633600000,1.499
1341720000000,1.477
1341806400000,1.484
1341892800000,1.484
1341979200000,1.48
1342065600000,1.479
1342152000000,1.474
1342238400000,1.474
1342324800000,1.474
1342411200000,1.474
1342497600000,1.474
1342584000000,1.474
1342670400000,1.474
1342756800000,1.473
1342843200000,1.462
1342929600000,1.456
1343016000000,1.468
1343102400000,1.474
1343188800000,1.474
1343275200000,1.476
1343361600000,1.499
1343448000000,1.488
1343534400000,1.474
1343620800000,1.476
1343707200000,1.49
1343793600000,1.525
1343880000000,1.532
1343966400000,1.555
1344052800000,1.546
1344139200000,1.543
1344225600000,1.541
1344312000000,1.529
1344398400000,1.529
1344484800000,1.527
1344571200000,1.501
1344657600000,1.476
1344744000000,1.499
1344830400000,1.505
1344916800000,1.517
1345003200000,1.498
1345089600000,1.485
1345176000000,1.474
1345262400000,1.474
1345348800000,1.477
1345435200000,1.515
1345521600000,1.528
1345608000000,1.515
1345694400000,1.415
1345780800000,1.416
1345867200000,1.458
1345953600000,1.491
1346040000000,1.518
1346126400000,1.531
1346212800000,1.555
1346299200000,1.543
1346385600000,1.528
1346472000000,1.518
1346558400000,1.503
1346644800000,1.501
1346731200000,1.501
1346817600000,1.498
1346904000000,1.466
1346990400000,1.463
1347076800000,1.454
1347163200000,1.446
1347249600000,1.451
1347336000000,1.497
1347422400000,1.499
1347508800000,1.49
1347595200000,1.499
1347681600000,1.49
1347768000000,1.501
1347854400000,1.501
1347940800000,1.499
1348027200000,1.476
1348113600000,1.471
1348200000000,1.451
1348286400000,1.451
1348372800000,1.494
1348459200000,1.501
1348545600000,1.499
1348632000000,1.474
1348718400000,1.437
1348804800000,1.444
1348891200000,1.448
1348977600000,1.458
1349064000000,1.46
1349150400000,1.471
1349236800000,1.442
1349323200000,1.439
1349409600000,1.462
1349496000000,1.474
1349582400000,1.458
1349668800000,1.424
1349755200000,1.451
1349841600000,1.372
1349928000000,1.364
1350014400000,1.369
1350100800000,1.414
1350187200000,1.432
1350273600000,1.444
1350360000000,1.421
1350446400000,1.418
1350532800000,1.409
1350619200000,1.412
1350705600000,1.45
1350792000000,1.446
1350878400000,1.432
1350964800000,1.419
1351051200000,1.421
1351137600000,1.432
1351224000000,1.445
1351310400000,1.458
1351396800000,1.477
1351483200000,1.458
1351569600000,1.453
1351656000000,1.419
1351742400000,1.441
1351828800000,1.433
1351915200000,1.428
1352001600000,1.419
1352091600000,1.416
1352178000000,1.393
1352264400000,1.384
1352350800000,1.317
1352437200000,1.312
1352523600000,1.336
1352610000000,1.353
1352696400000,1.314
1352782800000,1.299
1352869200000,1.285
1352955600000,1.283
1353042000000,1.283
1353128400000,1.365
1353214800000,1.337
1353301200000,1.335
1353387600000,1.312
1353474000000,1.342
1353560400000,1.392
1353646800000,1.432
1353733200000,1.465
1353819600000,1.441
1353906000000,1.398
1353992400000,1.351
1354078800000,1.339
1354165200000,1.342
1354251600000,1.337
1357016400000,1.319
1357102800000,1.349
1357189200000,1.362
1357275600000,1.351
1357362000000,1.348
1357448400000,1.351
1357534800000,1.353
1357621200000,1.339
1357707600000,1.343
1357794000000,1.345
1357880400000,1.364
1357966800000,1.389
1358053200000,1.391
1358139600000,1.393
1358226000000,1.398
1358312400000,1.37
1358398800000,1.396
1358485200000,1.405
1358571600000,1.412
1358658000000,1.404
1358744400000,1.383
1358830800000,1.332
1358917200000,1.321
1359003600000,1.347
1359090000000,1.388
1359176400000,1.418
1359262800000,1.368
1359349200000,1.357
1359435600000,1.456
1359522000000,1.459
1359608400000,1.479
1359694800000,1.374
1359781200000,0.455
1359867600000,0.88
1359954000000,1.309
1360040400000,1.283
1360126800000,1.292
1360213200000,1.301
1360299600000,1.348
1360386000000,1.342
1360472400000,0.446
1360558800000,0.878
1360645200000,1.31
1360731600000,1.312
1360818000000,1.338
1360904400000,1.282
1360990800000,1.274
1361077200000,1.423
1361163600000,1.433
1361250000000,1.387
1361336400000,1.371
1361422800000,1.376
1361509200000,1.364
1361595600000,1.359
1361682000000,1.354
1361768400000,1.389
1361854800000,1.371
1361941200000,1.324
1362027600000,1.305
1362114000000,1.305
1362200400000,1.31
1362286800000,1.317
1362373200000,1.371
1362459600000,1.325
1362546000000,1.428
1362632400000,1.483
1362718800000,1.42
1362805200000,1.386
1362891600000,1.447
1362974400000,1.404
1363060800000,1.353
1363147200000,1.348
1363233600000,1.423
1363320000000,1.389
1363406400000,1.467
1363492800000,1.51
1363579200000,1.55
1363665600000,1.546
1363752000000,1.125
1364788800000,0.98
1364875200000,1.505
1364961600000,1.511
1365048000000,1.605
1365134400000,1.621
1365220800000,1.624
1365307200000,1.63
1365393600000,1.615
1365480000000,1.614
1365566400000,1.612
1365652800000,1.588
1365739200000,1.586
1365825600000,1.586
1365912000000,1.585
1365998400000,1.574
1366084800000,1.566
1366171200000,1.607
1366257600000,1.588
1366344000000,1.6
1366430400000,1.612
1366516800000,1.623
1366603200000,1.63
1366689600000,1.077
1367553600000,0.544
1368072000000,1.148
1368158400000,1.676
1368244800000,1.668
1368331200000,1.65
1368417600000,1.619
1368504000000,1.6
1368590400000,1.58
1368676800000,1.571
1368763200000,1.54
1368849600000,1.48
1368936000000,1.514
1369022400000,1.519
1369108800000,1.542
1369195200000,1.557
1369281600000,1.559
1369368000000,1.576
1369454400000,1.618
1369540800000,1.615
1369627200000,1.595
1369713600000,1.587
1369800000000,1.612
1369886400000,1.614
1369972800000,1.614
1370059200000,1.614
1370145600000,1.609
1370232000000,1.562
1370318400000,1.557
1370404800000,1.586
1370491200000,1.614
1370577600000,1.612
1370664000000,1.588
1370750400000,1.588
1370836800000,1.613
1370923200000,1.625
1371009600000,1.578
1371096000000,1.559
1371182400000,1.569
1371268800000,1.611
1371355200000,1.599
1371441600000,1.575
1371528000000,1.566
1371614400000,1.557
1371700800000,1.562
1371787200000,1.609
1371873600000,1.6
1371960000000,1.581
1372046400000,1.579
1372132800000,1.573
1372219200000,1.56
1372305600000,1.579
1372392000000,1.6
1372478400000,1.614
1372564800000,1.614
1372651200000,1.614
1372737600000,1.615
1372824000000,1.628
1372910400000,1.624
1372996800000,1.631
1373083200000,1.63
1373169600000,1.615
1373256000000,1.609
1373342400000,1.555
1373428800000,1.481
1373515200000,1.474
1373601600000,1.474
1373688000000,1.474
1373774400000,1.474
1373860800000,1.474
1373947200000,1.476
1374033600000,1.499
1374120000000,1.506
1374206400000,1.55
1374292800000,1.548
1374379200000,1.583
1374465600000,1.586
1374552000000,1.586
1374638400000,1.561
1374724800000,1.569
1374811200000,1.547
1374897600000,1.557
1374984000000,1.555
1375070400000,1.531
1375156800000,1.513
1375243200000,1.52
1375329600000,1.574
1375416000000,1.59
1375502400000,1.642
1375588800000,1.677
1375675200000,1.676
1375761600000,1.543
1375848000000,1.532
1375934400000,1.555
1376020800000,1.557
1376107200000,1.56
1376193600000,1.583
1376280000000,1.58
1376366400000,1.568
1376452800000,1.491
1376539200000,1.426
1376625600000,1.542
1376712000000,1.571
1376798400000,1.574
1376884800000,1.578
1376971200000,1.608
1377057600000,1.583
1377144000000,1.557
1377230400000,1.574
1377316800000,1.568
1377403200000,1.507
1377489600000,1.501
1377576000000,1.507
1377662400000,1.546
1377748800000,1.529
1377835200000,1.532
1377921600000,1.555