752130000000,0.055
752216400000,0.053
752302800000,0.052
752389200000,0.053
752475600000,0.062
752562000000,0.062
752648400000,0.057
752734800000,0.055
752821200000,0.055
752907600000,0.056
752994000000,0.056
753080400000,0.053
753166800000,0.053
753253200000,0.052
753339600000,0.053
753426000000,0.054
753512400000,0.054
753598800000,0.053
753685200000,0.052
753771600000,0.053
753858000000,0.052
753944400000,0.052
754030800000,0.054
754117200000,0.055
754203600000,0.054
754290000000,0.057
754376400000,0.055
754462800000,0.056
754549200000,0.054
754635600000,0.059
754722000000,0.057
754808400000,0.055
754894800000,0.052
754981200000,0.054
755067600000,0.065
755154000000,0.058
755240400000,0.055
755326800000,0.053
755413200000,0.053
755499600000,0.054
755586000000,0.055
755672400000,0.055
755758800000,0.055
755845200000,0.055
755931600000,0.1
756018000000,0.12
756104400000,0.084
756190800000,0.056
756277200000,0.052
756363600000,0.051
756450000000,0.049
756536400000,0.047
756622800000,0.046
756709200000,0.045
756795600000,0.045
756882000000,0.044
756968400000,0.044
757054800000,0.044
757141200000,0.044
757227600000,0.044
757314000000,0.044
757400400000,0.044
757486800000,0.044
757573200000,0.044
757659600000,0.047
757746000000,0.047
757832400000,0.056
757918800000,0.052
758005200000,0.055
758091600000,0.06
758178000000,0.061
758264400000,0.104
758350800000,0.061
758437200000,0.061
758523600000,0.055
758610000000,0.054
758696400000,0.054
758782800000,0.065
758869200000,0.057
758955600000,0.055
759042000000,0.077
759128400000,0.071
759214800000,0.056
759301200000,0.059
759387600000,0.092
759474000000,0.069
759560400000,0.074
759646800000,0.06
759733200000,0.056
759819600000,0.054
759906000000,0.052
759992400000,0.052
760078800000,0.052
760165200000,0.06
760251600000,0.069
760338000000,0.057
760424400000,0.063
760510800000,0.057
760597200000,0.055
760683600000,0.054
760770000000,0.053
760856400000,0.063
760942800000,0.055
761029200000,0.058
761115600000,0.057
761202000000,0.055
761288400000,0.057
761374800000,0.058
761461200000,0.053
761547600000,0.053
761634000000,0.051
761720400000,0.055
761806800000,0.052
761893200000,0.052
761979600000,0.062
762066000000,0.076
762152400000,0.121
762238800000,0.069
762325200000,0.077
762411600000,0.066
762498000000,0.151
762584400000,0.099
762670800000,0.088
762757200000,0.082
762843600000,0.095
762930000000,0.1
763016400000,0.084
763102800000,0.183
763189200000,0.082
763275600000,0.073
763362000000,0.068
763448400000,0.065
763534800000,0.063
763621200000,0.059
763707600000,0.057
763794000000,0.056
763880400000,0.056
763966800000,0.071
764053200000,0.064
764139600000,0.055
764226000000,0.065
764312400000,0.064
764398800000,0.058
764485200000,0.089
764571600000,0.077
764658000000,0.072
764744400000,0.073
764830800000,0.079
764917200000,0.069
765003600000,0.16
765090000000,0.091
765176400000,0.074
765262800000,0.065
765349200000,0.059
765432000000,0.058
765518400000,0.066
765604800000,0.065
765691200000,0.064
765777600000,0.075
765864000000,0.071
765950400000,0.073
766036800000,0.082
766123200000,0.095
766209600000,0.127
766296000000,0.078
766382400000,0.072
766468800000,0.071
766555200000,0.073
766641600000,0.068
766728000000,0.066
766814400000,0.064
766900800000,0.065
766987200000,0.065
767073600000,0.064
767160000000,0.067
767246400000,0.069
767332800000,0.074
767419200000,0.077
767505600000,0.073
767592000000,0.07
767678400000,0.067
767764800000,0.073
767851200000,0.112
767937600000,0.08
768024000000,0.073
768110400000,0.093
768196800000,0.141
768283200000,0.076
768369600000,0.07
768456000000,0.068
768542400000,0.084
768628800000,0.1
768715200000,0.079
768801600000,0.082
768888000000,0.09
768974400000,0.088
769060800000,0.075
769147200000,0.073
769233600000,0.073
769320000000,0.075
769406400000,0.076
769492800000,0.08
769579200000,0.075
769665600000,0.071
769752000000,0.068
769838400000,0.068
769924800000,0.068
770011200000,0.068
770097600000,0.068
770184000000,0.067
770270400000,0.067
770356800000,0.066
770443200000,0.065
770529600000,0.063
770616000000,0.062
770702400000,0.062
770788800000,0.061
770875200000,0.061
770961600000,0.061
771048000000,0.06
771134400000,0.06
771220800000,0.06
771307200000,0.06
771393600000,0.06
771480000000,0.06
771566400000,0.06
771652800000,0.059
771739200000,0.059
771825600000,0.059
771912000000,0.059
771998400000,0.059
772084800000,0.059
772171200000,0.059
772257600000,0.059
772344000000,0.058
772430400000,0.058
772516800000,0.058
772603200000,0.058
772689600000,0.058
772776000000,0.058
772862400000,0.058
772948800000,0.058
773035200000,0.058
773121600000,0.058
773208000000,0.057
773294400000,0.058
773380800000,0.058
773467200000,0.057
773553600000,0.057
773640000000,0.057
773726400000,0.057
773812800000,0.056
773899200000,0.056
773985600000,0.056
774072000000,0.056
774158400000,0.056
774244800000,0.056
774331200000,0.056
774417600000,0.056
774504000000,0.055
774590400000,0.055
774676800000,0.055
774763200000,0.055
774849600000,0.055
774936000000,0.055
775022400000,0.055
775108800000,0.055
775195200000,0.055
775281600000,0.055
775368000000,0.054
775454400000,0.054
775540800000,0.054
775627200000,0.054
775713600000,0.054
775800000000,0.054
775886400000,0.056
775972800000,0.058
776059200000,0.058
776145600000,0.057
776232000000,0.057
776318400000,0.056
776404800000,0.056
776491200000,0.055
776577600000,0.055
776664000000,0.054
776750400000,0.054
776836800000,0.053
776923200000,0.052
777009600000,0.052
777096000000,0.052
777182400000,0.052
777268800000,0.052
777355200000,0.052
777441600000,0.051
777528000000,0.051
777614400000,0.051
777700800000,0.051
777787200000,0.051
777873600000,0.051
777960000000,0.051
778046400000,0.051
778132800000,0.051
778219200000,0.051
778305600000,0.051
778392000000,0.051
778478400000,0.051
778564800000,0.05
778651200000,0.05
778737600000,0.053
778824000000,0.051
778910400000,0.051
778996800000,0.051
779083200000,0.051
779169600000,0.051
779256000000,0.051
779342400000,0.051
779428800000,0.051
779515200000,0.051
779601600000,0.051
779688000000,0.051
779774400000,0.051
779860800000,0.051
779947200000,0.051
780033600000,0.051
780120000000,0.051
780206400000,0.051
780292800000,0.051
780379200000,0.051
780465600000,0.051
780552000000,0.051
780638400000,0.051
780724800000,0.05
780811200000,0.05
780897600000,0.05
780984000000,0.049
781070400000,0.049
781156800000,0.049
781243200000,0.05
781329600000,0.05
781416000000,0.06
781502400000,0.054
781588800000,0.052
781675200000,0.051
781761600000,0.049
781848000000,0.049
781934400000,0.049
782020800000,0.049
782107200000,0.05
782193600000,0.048
782280000000,0.048
782366400000,0.048
782452800000,0.049
782539200000,0.05
782625600000,0.084
782712000000,0.058
782798400000,0.053
782884800000,0.049
782971200000,0.047
783057600000,0.048
783144000000,0.048
783230400000,0.05
783316800000,0.049
783403200000,0.048
783489600000,0.047
783579600000,0.047
783666000000,0.046
783752400000,0.048
783838800000,0.048
783925200000,0.048
784011600000,0.072
784098000000,0.061
784184400000,0.056
784270800000,0.054
784357200000,0.053
784443600000,0.053
784530000000,0.05
784616400000,0.049
784702800000,0.049
784789200000,0.048
784875600000,0.048
784962000000,0.048
785048400000,0.048
785134800000,0.047
785221200000,0.047
785307600000,0.047
785394000000,0.047
785480400000,0.047
785566800000,0.047
785653200000,0.046
785739600000,0.046
785826000000,0.046
785912400000,0.046
785998800000,0.046
786085200000,0.05
786171600000,0.048
786258000000,0.048
786344400000,0.048
786430800000,0.047
786517200000,0.046
786603600000,0.046
786690000000,0.107
786776400000,0.098
786862800000,0.05
786949200000,0.058
787035600000,0.063
787122000000,0.051
787208400000,0.048
787294800000,0.048
787381200000,0.047
787467600000,0.047
787554000000,0.048
787640400000,0.056
787726800000,0.052
787813200000,0.049
787899600000,0.051
787986000000,0.063
788072400000,0.057
788158800000,0.05
788245200000,0.049
788331600000,0.053
788418000000,0.059
788504400000,0.05
788590800000,0.05
788677200000,0.049
788763600000,0.049
788850000000,0.048
788936400000,0.071
789022800000,0.053
789109200000,0.07
789195600000,0.06
789282000000,0.055
789368400000,0.057
789454800000,0.054
789541200000,0.053
789627600000,0.053
789714000000,0.053
789800400000,0.053
789886800000,0.053
789973200000,0.054
790059600000,0.05
790146000000,0.048
790232400000,0.081
790318800000,0.056
790405200000,0.053
790491600000,0.116
790578000000,0.061
790664400000,0.055
790750800000,0.051
790837200000,0.055
790923600000,0.053
791010000000,0.05
791096400000,0.049
791182800000,0.134
791269200000,0.066
791355600000,0.056
791442000000,0.056
791528400000,0.068
791614800000,0.057
791701200000,0.055
791787600000,0.055
791874000000,0.054
791960400000,0.054
792046800000,0.053
792133200000,0.086
792219600000,0.055
792306000000,0.053
792392400000,0.051
792478800000,0.052
792565200000,0.052
792651600000,0.055
792738000000,0.061
792824400000,0.056
792910800000,0.052
792997200000,0.05
793083600000,0.063
793170000000,0.064
793256400000,0.059
793342800000,0.058
793429200000,0.058
793515600000,0.058
793602000000,0.056
793688400000,0.056
793774800000,0.061
793861200000,0.06
793947600000,0.071
794034000000,0.058
794120400000,0.079
794206800000,0.067
794293200000,0.071
794379600000,0.061
794466000000,0.059
794552400000,0.073
794638800000,0.139
794725200000,0.078
794811600000,0.112
794898000000,0.107
794984400000,0.076
795070800000,0.07
795157200000,0.074
795243600000,0.074
795330000000,0.07
795416400000,0.107
795502800000,0.089
795589200000,0.068
795675600000,0.062
795762000000,0.06
795848400000,0.061
795934800000,0.061
796021200000,0.06
796107600000,0.059
796194000000,0.058
796280400000,0.058
796366800000,0.058
796453200000,0.059
796539600000,0.057
796626000000,0.061
796712400000,0.08
796798800000,0.06
796881600000,0.072
796968000000,0.063
797054400000,0.061
797140800000,0.06
797227200000,0.079
797313600000,0.074
797400000000,0.072
797486400000,0.066
797572800000,0.065
797659200000,0.062
797745600000,0.059
797832000000,0.057
797918400000,0.055
798004800000,0.054
798091200000,0.053
798177600000,0.054
798264000000,0.084
798350400000,0.09
798436800000,0.096
798523200000,0.071
798609600000,0.092
798696000000,0.075
798782400000,0.074
798868800000,0.137
798955200000,0.078
799041600000,0.12
799128000000,0.078
799214400000,0.084
799300800000,0.067
799387200000,0.063
799473600000,0.061
799560000000,0.061
799646400000,0.061
799732800000,0.06
799819200000,0.059
799905600000,0.059
799992000000,0.059
800078400000,0.059
800164800000,0.059
800251200000,0.059
800337600000,0.058
800424000000,0.058
800510400000,0.058
800596800000,0.058
800683200000,0.058
800769600000,0.065
800856000000,0.068
800942400000,0.061
801028800000,0.061
801115200000,0.06
801201600000,0.06
801288000000,0.058
801374400000,0.058
801460800000,0.068
801547200000,0.064
801633600000,0.064
801720000000,0.117
801806400000,0.085
801892800000,0.07
801979200000,0.063
802065600000,0.061
802152000000,0.058
802238400000,0.058
802324800000,0.058
802411200000,0.058
802497600000,0.057
802584000000,0.056
802670400000,0.056
802756800000,0.056
802843200000,0.056
802929600000,0.056
803016000000,0.056
803102400000,0.056
803188800000,0.056
803275200000,0.054
803361600000,0.053
803448000000,0.053
803534400000,0.053
803620800000,0.053
803707200000,0.053
803793600000,0.053
803880000000,0.052
803966400000,0.052
804052800000,0.052
804139200000,0.052
804225600000,0.052
804312000000,0.052
804398400000,0.052
804484800000,0.052
804571200000,0.052
804657600000,0.052
804744000000,0.052
804830400000,0.052
804916800000,0.052
805003200000,0.052
805089600000,0.052
805176000000,0.053
805262400000,0.053
805348800000,0.053
805435200000,0.052
805521600000,0.052
805608000000,0.052
805694400000,0.051
805780800000,0.05
805867200000,0.05
805953600000,0.05
806040000000,0.05
806126400000,0.05
806212800000,0.05
806299200000,0.05
806385600000,0.05
806472000000,0.05
806558400000,0.05
806644800000,0.05
806731200000,0.05
806817600000,0.05
806904000000,0.05
806990400000,0.05
807076800000,0.05
807163200000,0.05
807249600000,0.05
807336000000,0.05
807422400000,0.05
807508800000,0.05
807595200000,0.049
807681600000,0.049
807768000000,0.05
807854400000,0.05
807940800000,0.05
808027200000,0.05
808113600000,0.048
808200000000,0.048
808286400000,0.048
808372800000,0.048
808459200000,0.048
808545600000,0.047
808632000000,0.058
808718400000,0.056
808804800000,0.054
808891200000,0.051
808977600000,0.049
809064000000,0.049
809150400000,0.048
809236800000,0.046
809323200000,0.046
809409600000,0.046
809496000000,0.046
809582400000,0.046
809668800000,0.046
809755200000,0.046
809841600000,0.046
809928000000,0.046
810014400000,0.046
810100800000,0.046
810187200000,0.045
810273600000,0.045
810360000000,0.045
810446400000,0.045
810532800000,0.056
810619200000,0.058
810705600000,0.053
810792000000,0.053
810878400000,0.052
810964800000,0.051
811051200000,0.051
811137600000,0.05
811224000000,0.05
811310400000,0.05
811396800000,0.049
811483200000,0.049
811569600000,0.049
811656000000,0.049
811742400000,0.048
811828800000,0.048
811915200000,0.048
812001600000,0.047
812088000000,0.047
812174400000,0.047
812260800000,0.046
812347200000,0.046
812433600000,0.046
812520000000,0.049
812606400000,0.047
812692800000,0.046
812779200000,0.046
812865600000,0.046
812952000000,0.046
813038400000,0.046
813124800000,0.046
813211200000,0.048
813297600000,0.047
813384000000,0.047
813470400000,0.047
813556800000,0.047
813643200000,0.047
813729600000,0.047
813816000000,0.047
813902400000,0.047
813988800000,0.047
814075200000,0.047
814161600000,0.047
814248000000,0.047
814334400000,0.046
814420800000,0.049
814507200000,0.047
814593600000,0.046
814680000000,0.046
814766400000,0.046
814852800000,0.046
814939200000,0.046
815029200000,0.046
815115600000,0.046
815202000000,0.046
815288400000,0.046
815374800000,0.046
815461200000,0.048
815547600000,0.046
815634000000,0.046
815720400000,0.046
815806800000,0.046
815893200000,0.045
815979600000,0.045
816066000000,0.045
816152400000,0.046
816238800000,0.046
816325200000,0.046
816411600000,0.045
816498000000,0.045
816584400000,0.045
816670800000,0.045
816757200000,0.046
816843600000,0.046
816930000000,0.046
817016400000,0.045
817102800000,0.045
817189200000,0.045
817275600000,0.045
817362000000,0.045
817448400000,0.044
817534800000,0.044
817621200000,0.045
817707600000,0.044
817794000000,0.043
817880400000,0.043
817966800000,0.043
818053200000,0.043
818139600000,0.043
818226000000,0.043
818312400000,0.043
818398800000,0.091
818485200000,0.058
818571600000,0.05
818658000000,0.048
818744400000,0.048
818830800000,0.048
818917200000,0.048
819003600000,0.048
819090000000,0.048
819176400000,0.048
819262800000,0.048
819349200000,0.048
819435600000,0.048
819522000000,0.048
819608400000,0.078
819694800000,0.069
819781200000,0.094
819867600000,0.067
819954000000,0.056
820040400000,0.052
820126800000,0.055
820213200000,0.063
820299600000,0.134
820386000000,0.062
820472400000,0.054
820558800000,0.052
820645200000,0.051
820731600000,0.05
820818000000,0.049
820904400000,0.051
820990800000,0.058
821077200000,0.05
821163600000,0.081
821250000000,0.057
821336400000,0.048
821422800000,0.077
821509200000,0.053
821595600000,0.051
821682000000,0.046
821768400000,0.052
821854800000,0.049
821941200000,0.046
822027600000,0.045
822114000000,0.047
822200400000,0.046
822286800000,0.045
822373200000,0.044
822459600000,0.044
822546000000,0.043
822632400000,0.042
822718800000,0.04
822805200000,0.041
822891600000,0.04
822978000000,0.04
823064400000,0.039
823150800000,0.076
823237200000,0.048
823323600000,0.045
823410000000,0.044
823496400000,0.044
823582800000,0.057
823669200000,0.089
823755600000,0.054
823842000000,0.051
823928400000,0.047
824014800000,0.045
824101200000,0.045
824187600000,0.046
824274000000,0.1
824360400000,0.066
824446800000,0.058
824533200000,0.109
824619600000,0.101
824706000000,0.088
824792400000,0.072
824878800000,0.056
824965200000,0.065
825051600000,0.06
825138000000,0.054
825224400000,0.117
825310800000,0.107
825397200000,0.102
825483600000,0.069
825570000000,0.06
825656400000,0.058
825742800000,0.058
825829200000,0.056
825915600000,0.055
826002000000,0.054
826088400000,0.052
826174800000,0.051
826261200000,0.049
826347600000,0.049
826434000000,0.049
826520400000,0.049
826606800000,0.049
826693200000,0.049
826779600000,0.049
826866000000,0.057
826952400000,0.066
827038800000,0.051
827125200000,0.063
827211600000,0.089
827298000000,0.059
827384400000,0.057
827470800000,0.058
827557200000,0.057
827643600000,0.055
827730000000,0.053
827816400000,0.077
827902800000,0.078
827989200000,0.103
828075600000,0.072
828162000000,0.07
828248400000,0.062
828334800000,0.07
828421200000,0.062
828507600000,0.213
828594000000,0.096
828680400000,0.145
828766800000,0.106
828853200000,0.084
828936000000,0.242
829022400000,0.113
829108800000,0.094
829195200000,0.095
829281600000,0.144
829368000000,0.088
829454400000,0.078
829540800000,0.074
829627200000,0.072
829713600000,0.072
829800000000,0.079
829886400000,0.109
829972800000,0.102
830059200000,0.079
830145600000,0.075
830232000000,0.075
830318400000,0.072
830404800000,0.083
830491200000,0.084
830577600000,0.095
830664000000,0.096
830750400000,0.081
830836800000,0.076
830923200000,0.073
831009600000,0.072
831096000000,0.071
831182400000,0.07
831268800000,0.069
831355200000,0.068
831441600000,0.068
831528000000,0.067
831614400000,0.066
831700800000,0.072
831787200000,0.068
831873600000,0.088
831960000000,0.099
832046400000,0.074
832132800000,0.07
832219200000,0.073
832305600000,0.09
832392000000,0.087
832478400000,0.084
832564800000,0.082
832651200000,0.094
832737600000,0.084
832824000000,0.082
832910400000,0.075
832996800000,0.07
833083200000,0.066
833169600000,0.066
833256000000,0.069
833342400000,0.069
833428800000,0.065
833515200000,0.066
833601600000,0.066
833688000000,0.064
833774400000,0.063
833860800000,0.063
833947200000,0.06
834033600000,0.06
834120000000,0.059
834206400000,0.059
834292800000,0.059
834379200000,0.059
834465600000,0.059
834552000000,0.059
834638400000,0.059
834724800000,0.059
834811200000,0.059
834897600000,0.058
834984000000,0.058
835070400000,0.058
835156800000,0.058
835243200000,0.058
835329600000,0.058
835416000000,0.058
835502400000,0.058
835588800000,0.058
835675200000,0.057
835761600000,0.057
835848000000,0.057
835934400000,0.057
836020800000,0.057
836107200000,0.057
836193600000,0.056
836280000000,0.056
836366400000,0.056
836452800000,0.056
836539200000,0.056
836625600000,0.056
836712000000,0.055
836798400000,0.055
836884800000,0.055
836971200000,0.055
837057600000,0.055
837144000000,0.055
837230400000,0.055
837316800000,0.054
837403200000,0.054
837489600000,0.054
837576000000,0.054
837662400000,0.054
837748800000,0.054
837835200000,0.053
837921600000,0.053
838008000000,0.053
838094400000,0.053
838180800000,0.054
838267200000,0.055
838353600000,0.055
838440000000,0.055
838526400000,0.054
838612800000,0.053
838699200000,0.053
838785600000,0.053
838872000000,0.053
838958400000,0.053
839044800000,0.053
839131200000,0.053
839217600000,0.053
839304000000,0.053
839390400000,0.053
839476800000,0.053
839563200000,0.053
839649600000,0.053
839736000000,0.053
839822400000,0.053
839908800000,0.053
839995200000,0.053
840081600000,0.053
840168000000,0.053
840254400000,0.053
840340800000,0.053
840427200000,0.053
840513600000,0.052
840600000000,0.052
840686400000,0.052
840772800000,0.052
840859200000,0.051
840945600000,0.051
841032000000,0.051
841118400000,0.051
841204800000,0.051
841291200000,0.051
841377600000,0.051
841464000000,0.051
841550400000,0.051
841636800000,0.051
841723200000,0.051
841809600000,0.051
841896000000,0.051
841982400000,0.051
842068800000,0.051
842155200000,0.051
842241600000,0.051
842328000000,0.051
842414400000,0.051
842500800000,0.051
842587200000,0.051
842673600000,0.05
842760000000,0.05
842846400000,0.05
842932800000,0.049
843019200000,0.049
843105600000,0.049
843192000000,0.049
843278400000,0.049
843364800000,0.049
843451200000,0.048
843537600000,0.048
843624000000,0.047
843710400000,0.047
843796800000,0.047
843883200000,0.047
843969600000,0.048
844056000000,0.052
844142400000,0.051
844228800000,0.051
844315200000,0.051
844401600000,0.051
844488000000,0.05
844574400000,0.05
844660800000,0.05
844747200000,0.049
844833600000,0.049
844920000000,0.049
845006400000,0.049
845092800000,0.049
845179200000,0.049
845265600000,0.049
845352000000,0.049
845438400000,0.049
845524800000,0.049
845611200000,0.049
845697600000,0.049
845784000000,0.05
845870400000,0.049
845956800000,0.049
846043200000,0.049
846129600000,0.049
846216000000,0.051
846302400000,0.05
846388800000,0.049
846478800000,0.049
846565200000,0.049
846651600000,0.049
846738000000,0.049
846824400000,0.054
846910800000,0.054
846997200000,0.053
847083600000,0.053
847170000000,0.052
847256400000,0.052
847342800000,0.051
847429200000,0.05
847515600000,0.05
847602000000,0.05
847688400000,0.05
847774800000,0.05
847861200000,0.05
847947600000,0.049
848034000000,0.049
848120400000,0.049
848206800000,0.049
848293200000,0.049
848379600000,0.049
848466000000,0.049
848552400000,0.048
848638800000,0.048
848725200000,0.057
848811600000,0.054
848898000000,0.052
848984400000,0.052
849070800000,0.052
849157200000,0.052
849243600000,0.052
849330000000,0.052
849416400000,0.052
849502800000,0.052
849589200000,0.052
849675600000,0.052
849762000000,0.052
849848400000,0.052
849934800000,0.051
850021200000,0.051
850107600000,0.051
850194000000,0.051
850280400000,0.051
850366800000,0.051
850453200000,0.05
850539600000,0.05
850626000000,0.05
850712400000,0.058
850798800000,0.066
850885200000,0.06
850971600000,0.056
851058000000,0.056
851144400000,0.056
851230800000,0.056
851317200000,0.056
851403600000,0.056
851490000000,0.055
851576400000,0.055
851662800000,0.054
851749200000,0.055
851835600000,0.054
851922000000,0.054
852008400000,0.053
852094800000,0.053
852181200000,0.052
852267600000,0.051
852354000000,0.05
852440400000,0.05
852526800000,0.05
852613200000,0.05
852699600000,0.05
852786000000,0.049
852872400000,0.049
852958800000,0.049
853045200000,0.048
853131600000,0.047
853218000000,0.046
853304400000,0.093
853390800000,0.058
853477200000,0.068
853563600000,0.063
853650000000,0.088
853736400000,0.085
853822800000,0.06
853909200000,0.064
853995600000,0.055
854082000000,0.161
854168400000,0.067
854254800000,0.058
854341200000,0.057
854427600000,0.056
854514000000,0.056
854600400000,0.056
854686800000,0.054
854773200000,0.054
854859600000,0.058
854946000000,0.061
855032400000,0.054
855118800000,0.051
855205200000,0.052
855291600000,0.052
855378000000,0.086
855464400000,0.065
855550800000,0.076
855637200000,0.06
855723600000,0.056
855810000000,0.153
855896400000,0.064
855982800000,0.057
856069200000,0.066
856155600000,0.071
856242000000,0.076
856328400000,0.067
856414800000,0.07
856501200000,0.15
856587600000,0.079
856674000000,0.071
856760400000,0.069
856846800000,0.072
856933200000,0.129
857019600000,0.077
857106000000,0.067
857192400000,0.066
857278800000,0.065
857365200000,0.064
857451600000,0.064
857538000000,0.063
857624400000,0.063
857710800000,0.062
857797200000,0.061
857883600000,0.059
857970000000,0.058
858056400000,0.058
858142800000,0.081
858229200000,0.081
858315600000,0.058
858402000000,0.054
858488400000,0.058
858574800000,0.056
858661200000,0.101
858747600000,0.11
858834000000,0.065
858920400000,0.056
859006800000,0.056
859093200000,0.075
859179600000,0.084
859266000000,0.063
859352400000,0.123
859438800000,0.177
859525200000,0.181
859611600000,0.119
859698000000,0.117
859784400000,0.082
859870800000,0.095
859957200000,0.074
860043600000,0.08
860130000000,0.065
860216400000,0.128
860302800000,0.085
860385600000,0.171
860472000000,0.107
860558400000,0.083
860644800000,0.076
860731200000,0.084
860817600000,0.116
860904000000,0.086
860990400000,0.08
861076800000,0.084
861163200000,0.093
861249600000,0.1
861336000000,0.114
861422400000,0.118
861508800000,0.096
861595200000,0.098
861681600000,0.101
861768000000,0.128
861854400000,0.084
861940800000,0.079
862027200000,0.075
862113600000,0.078
862200000000,0.074
862286400000,0.073
862372800000,0.071
862459200000,0.074
862545600000,0.074
862632000000,0.071
862718400000,0.069
862804800000,0.067
862891200000,0.064
862977600000,0.064
863064000000,0.064
863150400000,0.063
863236800000,0.063
863323200000,0.066
863409600000,0.066
863496000000,0.066
863582400000,0.067
863668800000,0.084
863755200000,0.078
863841600000,0.073
863928000000,0.073
864014400000,0.073
864100800000,0.073
864187200000,0.073
864273600000,0.074
864360000000,0.074
864446400000,0.074
864532800000,0.073
864619200000,0.072
864705600000,0.072
864792000000,0.07
864878400000,0.07
864964800000,0.07
865051200000,0.071
865137600000,0.074
865224000000,0.067
865310400000,0.069
865396800000,0.068
865483200000,0.065
865569600000,0.064
865656000000,0.063
865742400000,0.062
865828800000,0.061
865915200000,0.06
866001600000,0.062
866088000000,0.065
866174400000,0.064
866260800000,0.065
866347200000,0.065
866433600000,0.065
866520000000,0.065
866606400000,0.065
866692800000,0.065
866779200000,0.065
866865600000,0.065
866952000000,0.064
867038400000,0.063
867124800000,0.062
867211200000,0.066
867297600000,0.068
867384000000,0.067
867470400000,0.066
867556800000,0.066
867643200000,0.065
867729600000,0.065
867816000000,0.065
867902400000,0.064
867988800000,0.063
868075200000,0.062
868161600000,0.062
868248000000,0.062
868334400000,0.065
868420800000,0.064
868507200000,0.061
868593600000,0.06
868680000000,0.059
868766400000,0.058
868852800000,0.058
868939200000,0.058
869025600000,0.058
869112000000,0.058
869198400000,0.058
869284800000,0.058
869371200000,0.058
869457600000,0.058
869544000000,0.058
869630400000,0.058
869716800000,0.058
869803200000,0.058
869889600000,0.058
869976000000,0.058
870062400000,0.058
870148800000,0.058
870235200000,0.058
870321600000,0.058
870408000000,0.058
870494400000,0.058
870580800000,0.058
870667200000,0.058
870753600000,0.058
870840000000,0.058
870926400000,0.058
871012800000,0.058
871099200000,0.058
871185600000,0.06
871272000000,0.06
871358400000,0.06
871444800000,0.06
871531200000,0.06
871617600000,0.061
871704000000,0.061
871790400000,0.063
871876800000,0.061
871963200000,0.06
872049600000,0.06
872136000000,0.06
872222400000,0.059
872308800000,0.059
872395200000,0.058
872481600000,0.057
872568000000,0.057
872654400000,0.056
872740800000,0.055
872827200000,0.054
872913600000,0.054
873000000000,0.054
873086400000,0.054
873172800000,0.054
873259200000,0.054
873345600000,0.054
873432000000,0.054
873518400000,0.054
873604800000,0.054
873691200000,0.054
873777600000,0.054
873864000000,0.054
873950400000,0.054
874036800000,0.054
874123200000,0.054
874209600000,0.056
874296000000,0.056
874382400000,0.055
874468800000,0.054
874555200000,0.054
874641600000,0.053
874728000000,0.053
874814400000,0.053
874900800000,0.052
874987200000,0.052
875073600000,0.051
875160000000,0.05
875246400000,0.049
875332800000,0.049
875419200000,0.048
875505600000,0.048
875592000000,0.048
875678400000,0.048
875764800000,0.048
875851200000,0.048
875937600000,0.048
876024000000,0.048
876110400000,0.048
876196800000,0.049
876283200000,0.056
876369600000,0.058
876456000000,0.054
876542400000,0.053
876628800000,0.053
876715200000,0.052
876801600000,0.052
876888000000,0.051
876974400000,0.05
877060800000,0.05
877147200000,0.052
877233600000,0.061
877320000000,0.06
877406400000,0.059
877492800000,0.058
877579200000,0.056
877665600000,0.053
877752000000,0.053
877838400000,0.052
877928400000,0.052
878014800000,0.052
878101200000,0.051
878187600000,0.059
878274000000,0.065
878360400000,0.059
878446800000,0.063
878533200000,0.072
878619600000,0.061
878706000000,0.056
878792400000,0.054
878878800000,0.052
878965200000,0.05
879051600000,0.05
879138000000,0.049
879224400000,0.049
879310800000,0.049
879397200000,0.049
879483600000,0.05
879570000000,0.054
879656400000,0.049
879742800000,0.046
879829200000,0.049
879915600000,0.047
880002000000,0.049
880088400000,0.067
880174800000,0.053
880261200000,0.063
880347600000,0.051
880434000000,0.046
880520400000,0.045
880606800000,0.044
880693200000,0.044
880779600000,0.047
880866000000,0.049
880952400000,0.046
881038800000,0.046
881125200000,0.053
881211600000,0.048
881298000000,0.091
881384400000,0.081
881470800000,0.062
881557200000,0.088
881643600000,0.084
881730000000,0.085
881816400000,0.08
881902800000,0.064
881989200000,0.063
882075600000,0.077
882162000000,0.087
882248400000,0.124
882334800000,0.087
882421200000,0.081
882507600000,0.118
882594000000,0.164
882680400000,0.107
882766800000,0.092
882853200000,0.097
882939600000,0.168
883026000000,0.129
883112400000,0.091
883198800000,0.079
883285200000,0.074
883371600000,0.074
883458000000,0.072
883544400000,0.081
883630800000,0.072
883717200000,0.07
883803600000,0.092
883890000000,0.118
883976400000,0.116
884062800000,0.085
884149200000,0.081
884235600000,0.071
884322000000,0.07
884408400000,0.069
884494800000,0.068
884581200000,0.069
884667600000,0.064
884754000000,0.103
884840400000,0.087
884926800000,0.112
885013200000,0.101
885099600000,0.088
885186000000,0.081
885272400000,0.095
885358800000,0.075
885445200000,0.082
885531600000,0.078
885618000000,0.08
885704400000,0.105
885790800000,0.137
885877200000,0.113
885963600000,0.106
886050000000,0.091
886136400000,0.073
886222800000,0.071
886309200000,0.069
886395600000,0.067
886482000000,0.065
886568400000,0.064
886654800000,0.065
886741200000,0.14
886827600000,0.107
886914000000,0.113
887000400000,0.111
887086800000,0.117
887173200000,0.146
887259600000,0.099
887346000000,0.102
887432400000,0.096
887518800000,0.159
887605200000,0.2
887691600000,0.135
887778000000,0.111
887864400000,0.099
887950800000,0.138
888037200000,0.124
888123600000,0.091
888210000000,0.084
888296400000,0.08
888382800000,0.076
888469200000,0.073
888555600000,0.071
888642000000,0.085
888728400000,0.094
888814800000,0.081
888901200000,0.075
888987600000,0.071
889074000000,0.081
889160400000,0.098
889246800000,0.08
889333200000,0.077
889419600000,0.135
889506000000,0.138
889592400000,0.093
889678800000,0.083
889765200000,0.081
889851600000,0.078
889938000000,0.076
890024400000,0.074
890110800000,0.072
890197200000,0.07
890283600000,0.072
890370000000,0.073
890456400000,0.072
890542800000,0.073
890629200000,0.072
890715600000,0.075
890802000000,0.083
890888400000,0.099
890974800000,0.091
891061200000,0.087
891147600000,0.073
891234000000,0.067
891320400000,0.063
891406800000,0.062
891493200000,0.08
891579600000,0.066
891666000000,0.064
891752400000,0.07
891835200000,0.066
891921600000,0.08
892008000000,0.068
892094400000,0.064
892180800000,0.071
892267200000,0.092
892353600000,0.099
892440000000,0.149
892526400000,0.118
892612800000,0.093
892699200000,0.084
892785600000,0.088
892872000000,0.095
892958400000,0.079
893044800000,0.076
893131200000,0.073
893217600000,0.073
893304000000,0.073
893390400000,0.075
893476800000,0.075
893563200000,0.074
893649600000,0.071
893736000000,0.068
893822400000,0.07
893908800000,0.075
893995200000,0.066
894081600000,0.065
894168000000,0.065
894254400000,0.156
894340800000,0.081
894427200000,0.074
894513600000,0.073
894600000000,0.073
894686400000,0.07
894772800000,0.098
894859200000,0.089
894945600000,0.081
895032000000,0.077
895118400000,0.075
895204800000,0.073
895291200000,0.072
895377600000,0.072
895464000000,0.072
895550400000,0.072
895636800000,0.072
895723200000,0.072
895809600000,0.073
895896000000,0.073
895982400000,0.073
896068800000,0.073
896155200000,0.073
896241600000,0.073
896328000000,0.073
896414400000,0.073
896500800000,0.073
896587200000,0.073
896673600000,0.073
896760000000,0.073
896846400000,0.073
896932800000,0.073
897019200000,0.073
897105600000,0.075
897192000000,0.075
897278400000,0.075
897364800000,0.074
897451200000,0.074
897537600000,0.074
897624000000,0.075
897710400000,0.074
897796800000,0.073
897883200000,0.073
897969600000,0.073
898056000000,0.073
898142400000,0.073
898228800000,0.073
898315200000,0.072
898401600000,0.072
898488000000,0.071
898574400000,0.071
898660800000,0.071
898747200000,0.07
898833600000,0.069
898920000000,0.068
899006400000,0.069
899092800000,0.07
899179200000,0.07
899265600000,0.07
899352000000,0.071
899438400000,0.071
899524800000,0.071
899611200000,0.07
899697600000,0.07
899784000000,0.07
899870400000,0.07
899956800000,0.069
900043200000,0.068
900129600000,0.068
900216000000,0.068
900302400000,0.068
900388800000,0.067
900475200000,0.067
900561600000,0.066
900648000000,0.066
900734400000,0.066
900820800000,0.067
900907200000,0.067
900993600000,0.067
901080000000,0.067
901166400000,0.067
901252800000,0.067
901339200000,0.07
901425600000,0.071
901512000000,0.071
901598400000,0.071
901684800000,0.07
901771200000,0.07
901857600000,0.066
901944000000,0.065
902030400000,0.065
902116800000,0.064
902203200000,0.063
902289600000,0.063
902376000000,0.062
902462400000,0.061
902548800000,0.061
902635200000,0.061
902721600000,0.061
902808000000,0.064
902894400000,0.065
902980800000,0.065
903067200000,0.061
903153600000,0.064
903240000000,0.063
903326400000,0.063
903412800000,0.063
903499200000,0.063
903585600000,0.063
903672000000,0.065
903758400000,0.063
903844800000,0.06
903931200000,0.059
904017600000,0.058
904104000000,0.056
904190400000,0.058
904276800000,0.061
904363200000,0.062
904449600000,0.062
904536000000,0.061
904622400000,0.061
904708800000,0.059
904795200000,0.058
904881600000,0.06
904968000000,0.061
905054400000,0.06
905140800000,0.06
905227200000,0.061
905313600000,0.061
905400000000,0.061
905486400000,0.061
905572800000,0.06
905659200000,0.072
905745600000,0.094
905832000000,0.069
905918400000,0.066
906004800000,0.072
906091200000,0.07
906177600000,0.068
906264000000,0.065
906350400000,0.064
906436800000,0.064
906523200000,0.064
906609600000,0.063
906696000000,0.064
906782400000,0.065
906868800000,0.063
906955200000,0.062
907041600000,0.061
907128000000,0.062
907214400000,0.061
907300800000,0.059
907387200000,0.06
907473600000,0.062
907560000000,0.06
907646400000,0.06
907732800000,0.059
907819200000,0.06
907905600000,0.06
907992000000,0.061
908078400000,0.061
908164800000,0.061
908251200000,0.061
908337600000,0.061
908424000000,0.06
908510400000,0.061
908596800000,0.064
908683200000,0.064
908769600000,0.064
908856000000,0.067
908942400000,0.071
909028800000,0.069
909115200000,0.064
909201600000,0.065
909288000000,0.066
909378000000,0.066
909464400000,0.067
909550800000,0.067
909637200000,0.066
909723600000,0.063
909810000000,0.063