907732800000,14.1
907819200000,16.5
907905600000,15.7
907992000000,15.4
908078400000,16.4
908164800000,16.5
908251200000,15.4
908337600000,15.8
908424000000,15.3
908510400000,15.6
908596800000,14.9
908683200000,14.8
908769600000,14
908856000000,15.3
908942400000,16.1
909028800000,17.2
909115200000,16
909201600000,15.7
909288000000,15.2
909378000000,14.8
909464400000,15.2
909550800000,16.6
909637200000,16.9
909723600000,16.5
909810000000,16.6
909896400000,17.2
909982800000,16.5
910069200000,16.5
910155600000,16.2
910242000000,17.4
910328400000,17.1
910414800000,17.8
910501200000,16.8
910587600000,15.5
910674000000,16.1
910760400000,16.9
910846800000,14.9
910933200000,15.9
911019600000,16.6
911106000000,16.7
911192400000,16.4
911278800000,16.7
911365200000,16.5
911451600000,15.8
911538000000,16.6
911624400000,17
911710800000,17.5
911797200000,16.2
911883600000,15.1
911970000000,15.4
912056400000,15.9
912142800000,16.4
912229200000,16.2
912315600000,17.3
912402000000,17.6
912488400000,17.4
912574800000,18.1
912661200000,17.2
912747600000,17.2
912834000000,18
912920400000,17.9
913006800000,17
913093200000,17.9
913179600000,17.2
913266000000,18
913352400000,18.2
913438800000,18
913525200000,17.8
913611600000,18.2
913698000000,17.7
913784400000,17.5
913870800000,17.6
913957200000,18.3
914043600000,18.2
914130000000,18.2
914216400000,18.9
914302800000,18.6
914389200000,18.1
914475600000,17.6
914562000000,18.5
914648400000,15.8
914734800000,18.1
914821200000,17.7
914907600000,18.2
914994000000,17
915080400000,17.1
915166800000,17.4
915253200000,16.2
915339600000,18
915426000000,17.6
915512400000,16.6
915598800000,17.1
915685200000,17.1
915771600000,17.6
915858000000,15.9
915944400000,17
916030800000,17.5
916117200000,17.8
916203600000,16.3
916290000000,17.1
916376400000,16.1
916462800000,15.3
916549200000,15.8
916635600000,15.5
916722000000,14.8
916808400000,16.8
916894800000,15.2
916981200000,14.3
917067600000,15.4
917154000000,16.1
917240400000,15.5
917326800000,15.9
917413200000,17.4
917499600000,17.6
917586000000,15.7
917672400000,17.5
917758800000,16.5
917845200000,15.1
917931600000,16.4
918018000000,16.2
918104400000,16.4
918190800000,17.4
918277200000,17.8
918363600000,18.4
918450000000,18.2
918536400000,17.5
918622800000,16.3
918709200000,15.4
918795600000,16.8
918882000000,15.7
918968400000,16.6
919054800000,17.3
919141200000,16.8
919227600000,16.6
919314000000,16.5
919400400000,17.3
919486800000,15.1
919573200000,14.9
919659600000,16.1
919746000000,17.1
919832400000,16.9
919918800000,15.9
920005200000,17.4
920091600000,15.7
920178000000,16
920264400000,17.1
920350800000,17.1
920437200000,17.4
920523600000,16.7
920610000000,16.5
920696400000,15.7
920782800000,14.6
920869200000,15.5
920955600000,14.4
921042000000,16.4
921128400000,15.1
921214800000,16.7
921301200000,17
921387600000,16.8
921474000000,15.1
921560400000,15.7
921646800000,15.2
921733200000,15.7
921819600000,16
921906000000,16.9
921992400000,15.8
922078800000,16.5
922165200000,16.8
922251600000,16.6
922338000000,16
922424400000,15.9
922510800000,15.6
922597200000,16
922683600000,14.6
922770000000,15.4
922856400000,15.6
922942800000,15.2
923029200000,15.6
923115600000,16.2
923202000000,15.4
923284800000,15.6
923371200000,15.5
923457600000,15.3
923544000000,15.5
923630400000,15.4
923716800000,15.3
923803200000,15.7
923889600000,15.5
923976000000,14.4
924062400000,15.6
924148800000,15.4
924235200000,15.3
924321600000,16.3
924408000000,15.8
924494400000,15.9
924580800000,15.2
924667200000,15.2
924753600000,14.6
924840000000,13.2
924926400000,14
925012800000,13.9
925099200000,13.6
925185600000,14.2
925272000000,14.5
925358400000,13.6
925444800000,14
925531200000,14.3
925617600000,14.7
925704000000,13.6
925790400000,15.5
925876800000,15
925963200000,14.7
926049600000,12.3
926136000000,13
926222400000,13.7
926308800000,14.5
926395200000,13.4
926481600000,12.7
926568000000,13.5
926654400000,13.6
926740800000,13.7
926827200000,13.8
926913600000,14.1
927000000000,13.8
927086400000,14.2
927172800000,15
927259200000,14.9
927345600000,14.3
927432000000,13.1
927518400000,14
927604800000,12.1
927691200000,12.7
927777600000,13.6
927864000000,14
927950400000,13.3
928036800000,12.8
928123200000,13
928209600000,11.7
928296000000,12.5
928382400000,10.8
928468800000,11.6
928555200000,11.9
928641600000,13.3
928728000000,12.5
928814400000,12.4
928900800000,11.7
928987200000,10.9
929073600000,11.1
929160000000,11.6
929246400000,11.6
929332800000,11.9
929419200000,13.4
929505600000,13.6
929592000000,14
929678400000,14.6
929764800000,14
929851200000,13
929937600000,12.6
930024000000,11.7
930110400000,10.7
930196800000,9.8
930283200000,10.1
930369600000,10.4
930456000000,8.8
930542400000,9.7
930628800000,9.7
930715200000,10.8
930801600000,11.3
930888000000,12.7
930974400000,11
931060800000,8.3
931147200000,10.9
931233600000,11.9
931320000000,11.7
931406400000,11.5
931492800000,9.6
931579200000,11.3
931665600000,11.8
931752000000,11.9
931838400000,11.8
931924800000,12.7
932011200000,13
932097600000,12.2
932184000000,11.9
932270400000,12.5
932356800000,10.5
932443200000,9.6
932529600000,10.5
932616000000,12
932702400000,11.4
932788800000,10.2
932875200000,10.2
932961600000,10.3
933048000000,11.5
933134400000,11.6
933220800000,11.6
933307200000,11.9
933393600000,11.4
933480000000,11.9
933566400000,13
933652800000,12.4
933739200000,11.6
933825600000,12.4
933912000000,11.5
933998400000,11.1
934084800000,11.1
934171200000,12.5
934257600000,13.7
934344000000,13.6
934430400000,12.3
934516800000,13.1
934603200000,12.7
934689600000,11.8
934776000000,11.1
934862400000,11.5
934948800000,11.1
935035200000,10.1
935121600000,10.5
935208000000,10.2
935294400000,12.3
935380800000,13.2
935467200000,13
935553600000,14.3
935640000000,13.5
935726400000,13.4
935812800000,12.8
935899200000,13.5
935985600000,14.2
936072000000,13.5
936158400000,12.3
936244800000,13
936331200000,10.9
936417600000,12.8
936504000000,13
936590400000,12.2
936676800000,12.7
936763200000,11.5
936849600000,11.6
936936000000,12.3
937022400000,14.3
937108800000,14.8
937195200000,13.4
937281600000,13.1
937368000000,13.4
937454400000,11.8
937540800000,12.7
937627200000,13.7
937713600000,14.3
937800000000,13.4
937886400000,13.4
937972800000,13.5
938059200000,13.2
938145600000,14.1
938232000000,14.6
938318400000,15
938404800000,14.8
938491200000,14.1
938577600000,14
938664000000,11.8
938750400000,13.5
938836800000,13.7
938923200000,13.2
939009600000,14.4
939096000000,13.6
939182400000,14.4
939268800000,14.6
939355200000,12.4
939441600000,13.5
939528000000,13.5
939614400000,13.7
939700800000,12.5
939787200000,14.4
939873600000,13
939960000000,11.9
940046400000,14.1
940132800000,14.1
940219200000,14.8
940305600000,15.5
940392000000,15.6
940478400000,15.5
940564800000,16.1
940651200000,16.1
940737600000,16.9
940824000000,17.6
940910400000,17.2
940996800000,16.7
941083200000,17.3
941169600000,16.6
941256000000,15
941342400000,13.6
941432400000,15.8
941518800000,16
941605200000,16.4
941691600000,16.6
941778000000,17.6
941864400000,15.9
941950800000,16.1
942037200000,15.6
942123600000,16.2
942210000000,16.3
942296400000,15.7
942382800000,15.4
942469200000,12.2
942555600000,13.7
942642000000,14.4
942728400000,14.7
942814800000,16.2
942901200000,17.4
942987600000,17.4
943074000000,16.4
943160400000,15.1
943246800000,15.8
943333200000,15.7
943419600000,15.6
943506000000,15.4
943592400000,15.9
943678800000,16.9
943765200000,16.6
943851600000,16.1
943938000000,15.1
944024400000,15.1
944110800000,15.6
944197200000,15.8
944283600000,16.1
944370000000,16
944456400000,16.3
944542800000,17
944629200000,16
944715600000,17.3
944802000000,17.3
944888400000,17.6
944974800000,16.8
945061200000,15.8
945147600000,16.6
945234000000,15.5
945320400000,15.4
945406800000,15.5
945493200000,15.2
945579600000,15.2
945666000000,14.9
945752400000,15.2
945838800000,16.1
945925200000,16.4
946011600000,16.7
946098000000,16.7
946184400000,16.8
946270800000,17.3
946357200000,17.2
946443600000,17.2
946530000000,16.3
946616400000,15.9
946702800000,17.2
946789200000,17
946875600000,14.6
946962000000,15.9
947048400000,15.5
947134800000,17
947221200000,15.6
947307600000,16.8
947394000000,16.1
947480400000,14.9
947566800000,16.3
947653200000,17.9
947739600000,17.1
947826000000,15.9
947912400000,14.5
947998800000,16.4
948085200000,16.3
948171600000,17.8
948258000000,16.7
948344400000,17.5
948430800000,15.9
948517200000,16.6
948603600000,16.7
948690000000,16.8
948776400000,17.1
948862800000,16.1
948949200000,16.9
949035600000,15.8
949122000000,16.7
949208400000,16.8
949294800000,17.2
949381200000,15.3
949467600000,16.3
949554000000,16.1
949640400000,15.5
949726800000,15.4
949813200000,15.5
949899600000,14.8
949986000000,16
950072400000,15.4
950158800000,16.2
950245200000,16.8
950331600000,17.8
950418000000,15.3
950504400000,15.3
950590800000,15
950677200000,15.4
950763600000,15.6
950850000000,15.6
950936400000,15.6
951022800000,16.1
951109200000,17
951195600000,16.4
951282000000,17.9
951368400000,16.1
951454800000,15.8
951541200000,15.1
951627600000,16.5
951714000000,17.6
951800400000,17.1
951886800000,15.4
951973200000,15.8
952059600000,15.1
952146000000,14.4
952232400000,15.5
952318800000,15.7
952405200000,16.4
952491600000,15.7
952578000000,16.8
952664400000,16.7
952750800000,15.7
952837200000,14.5
952923600000,16.9
953010000000,17.2
953096400000,15.4
953182800000,17.2
953269200000,14.9
953355600000,15.4
953442000000,16.3
953528400000,15.9
953614800000,15.3
953701200000,16
953787600000,15.4
953874000000,15.9
953960400000,14.7
954046800000,15.3
954133200000,15.3
954219600000,15.2
954306000000,15.7
954392400000,14.6
954478800000,15.4
954565200000,16.1
954651600000,15.8
954734400000,15.3
954820800000,16.7
954907200000,16.1
954993600000,16
955080000000,15.8
955166400000,16.1
955252800000,15.3
955339200000,14.6
955425600000,14.6
955512000000,14.6
955598400000,14.9
955684800000,15.8
955771200000,15.9
955857600000,15.7
955944000000,15.8
956030400000,15.5
956116800000,14.8
956203200000,14.8
956289600000,14.3
956376000000,15.7
956462400000,15.5
956548800000,15.3
956635200000,14.9
956721600000,15
956808000000,15.3
956894400000,14.8
956980800000,14.1
957067200000,13.3
957153600000,13.2
957240000000,14.5
957326400000,14.8
957412800000,14
957499200000,14
957585600000,14.6
957672000000,14.1
957758400000,13.9
957844800000,13.9
957931200000,12.9
958017600000,14.5
958104000000,14.6
958190400000,13.3
958276800000,14.1
958363200000,14.1
958449600000,13.6
958536000000,14.5
958622400000,14.1
958708800000,14
958795200000,13.6
958881600000,13
958968000000,13.7
959054400000,13.9
959140800000,14.9
959227200000,14.3
959313600000,13.7
959400000000,13.3
959486400000,14
959572800000,12.7
959659200000,12.3
959745600000,12.1
959832000000,13.1
959918400000,11.5
960004800000,13.1
960091200000,13
960177600000,12.1
960264000000,11.7
960350400000,12.6
960436800000,11.8
960523200000,11.6
960609600000,11.8
960696000000,13
960782400000,12.2
960868800000,11
960955200000,12.4
961041600000,12.7
961128000000,12.6
961214400000,12.2
961300800000,14
961387200000,12
961473600000,11.9
961560000000,12.3
961646400000,11.7
961732800000,12.3
961819200000,13.3
961905600000,12.5
961992000000,11.6
962078400000,10.4
962164800000,10.4
962251200000,10.5
962337600000,8.8
962424000000,10
962510400000,11.3
962596800000,9.4
962683200000,9.5
962769600000,10.5
962856000000,10.5
962942400000,10.8
963028800000,11.5
963115200000,11.3
963201600000,11.5
963288000000,11.3
963374400000,12.8
963460800000,12
963547200000,12.1
963633600000,12.4
963720000000,13.1
963806400000,11.1
963892800000,11.1
963979200000,12.4
964065600000,11.7
964152000000,12.1
964238400000,12.1
964324800000,10.8
964411200000,9.9
964497600000,9.7
964584000000,10.3
964670400000,10.2
964756800000,11.2
964843200000,12.4
964929600000,13.8
965016000000,14.2
965102400000,14
965188800000,12.7
965275200000,13.1
965361600000,12.6
965448000000,13
965534400000,12.2
965620800000,11.3
965707200000,12
965793600000,12
965880000000,12.4
965966400000,13.5
966052800000,13.7
966139200000,10.8
966225600000,11.5
966312000000,11.5
966398400000,11.4
966484800000,11.7
966571200000,12.1
966657600000,13.3
966744000000,12.4
966830400000,12.6
966916800000,12
967003200000,13.7
967089600000,13.4
967176000000,12.8
967262400000,13.1
967348800000,12.6
967435200000,12.1
967521600000,12
967608000000,12.4
967694400000,13
967780800000,13.3
967867200000,12.5
967953600000,14.7
968040000000,14.6
968126400000,13.3
968212800000,13.6
968299200000,15.1
968385600000,14.8
968472000000,13.2
968558400000,13
968644800000,13.2
968731200000,12.2
968817600000,14.2
968904000000,13.1
968990400000,14.6
969076800000,13.8
969163200000,13.4
969249600000,13.2
969336000000,14
969422400000,14.1
969508800000,12.6
969595200000,13.8
969681600000,13.5
969768000000,14
969854400000,13.6
969940800000,13.2
970027200000,14.9
970113600000,13.3
970200000000,13.6
970286400000,14.3
970372800000,15.7
970459200000,16.3
970545600000,15.5
970632000000,15.3
970718400000,15.4
970804800000,15.4
970891200000,15.3
970977600000,15.4
971064000000,15.3
971150400000,15.7
971236800000,15.6
971323200000,14.6
971409600000,14.9
971496000000,14.7
971582400000,15.1
971668800000,16.1
971755200000,16.7
971841600000,15.8
971928000000,16.5
972014400000,15.5
972100800000,14.5
972187200000,14
972273600000,14.4
972360000000,16.6
972446400000,16.5
972532800000,16.3
972619200000,17.2
972705600000,16.8
972792000000,16.2
972882000000,16.3
972968400000,13.4
973054800000,14.7
973141200000,15
973227600000,16.6
973314000000,17.5
973400400000,16.8
973486800000,16.1
973573200000,16.4
973659600000,16.3
973746000000,16.5
973832400000,17.1
973918800000,17.2
974005200000,17.6
974091600000,17.5
974178000000,16.1
974264400000,17.2
974350800000,16.5
974437200000,17.2
974523600000,18.3
974610000000,17.6
974696400000,16.4
974782800000,15.4
974869200000,15.1
974955600000,15.9
975042000000,15.4
975128400000,16.5
975214800000,16.8
975301200000,15.6
975387600000,15.2
975474000000,17.6
975560400000,17.4
975646800000,15.8
975733200000,15.8
975819600000,16.1
975906000000,15.8
975992400000,14.4
976078800000,15.6
976165200000,17.3
976251600000,17
976338000000,17.4
976424400000,16.6
976510800000,17.4
976597200000,17.1
976683600000,16
976770000000,16.3
976856400000,15.5
976942800000,15.3
977029200000,16.5
977115600000,15.8
977202000000,15.7
977288400000,17.1
977374800000,16.5
977461200000,14.5
977547600000,15.4
977634000000,17.1
977720400000,17
977806800000,16.3
977893200000,15.9
977979600000,14.9
978066000000,15.8
978152400000,15.3
978238800000,15.7
978325200000,16.5
978411600000,17.1
978498000000,17.4
978584400000,16.1
978670800000,15.4
978757200000,15.6
978843600000,16.1
978930000000,15.1
979016400000,14.8
979102800000,16.1
979189200000,15.7
979275600000,15.9
979362000000,16.1
979448400000,15.8
979534800000,17.3
979621200000,15
979707600000,17.1
979794000000,16
979880400000,16.6
979966800000,14.2
980053200000,15.7
980139600000,15.3
980226000000,15.5
980312400000,15.8
980398800000,15.2
980485200000,15.4
980571600000,15.7
980658000000,16.2
980744400000,16.8
980830800000,15.6
980917200000,16.2
981003600000,16.5
981090000000,16.5
981176400000,16.8
981262800000,16.1
981349200000,15.6
981435600000,16.3
981522000000,15.1
981608400000,14.1
981694800000,15.9
981781200000,15.7
981867600000,15.2
981954000000,16.6
982040400000,15.8
982126800000,16.1
982213200000,16.2
982299600000,16.5
982386000000,15.9
982472400000,16.1
982558800000,15.7
982645200000,15.3
982731600000,15.8
982818000000,15.6
982904400000,15.2
982990800000,16
983077200000,16.6
983163600000,16.5
983250000000,16.6
983336400000,16
983422800000,16.6
983509200000,16.3
983595600000,16.1
983682000000,16.7
983768400000,15.5
983854800000,15.2
983941200000,15.6
984027600000,15.3
984114000000,16.7
984200400000,16.2
984286800000,16.6
984373200000,17.6
984459600000,16.4
984546000000,15.5
984632400000,15.5
984718800000,14.9
984805200000,15.4
984891600000,16
984978000000,16.8
985064400000,16.9
985150800000,16.8
985237200000,16.5
985323600000,15.9
985410000000,16.6
985496400000,15.4
985582800000,15.8
985669200000,15.9
985755600000,16.8
985842000000,16.6
985928400000,15.7
986014800000,15.8
986101200000,15.4
986184000000,16.1
986270400000,16.3
986356800000,16.1
986443200000,14.7
986529600000,15.5
986616000000,16
986702400000,15.9
986788800000,16.2
986875200000,16
986961600000,15.4
987048000000,15.1
987134400000,16.1
987220800000,14.9
987307200000,15.3
987393600000,16.3
987480000000,15.6
987566400000,15.3
987652800000,15.6
987739200000,15.1
987825600000,15
987912000000,15.7
987998400000,15
988084800000,14.9
988171200000,15.4
988257600000,15.3
988344000000,13.7
988430400000,15.8
988516800000,14.9
988603200000,14.2
988689600000,14.6
988776000000,14.3
988862400000,15.7
988948800000,15.4
989035200000,16.5
989121600000,16.3
989208000000,14.4
989294400000,14.6
989380800000,14.7
989467200000,14.9
989553600000,14.2
989640000000,13.9
989726400000,13.5
989812800000,14
989899200000,14.4
989985600000,14.1
990072000000,12.6
990158400000,12.7
990244800000,12.2
990331200000,14.6
990417600000,14.5
990504000000,14.1
990590400000,14
990676800000,13.4
990763200000,11.5
990849600000,12.4
990936000000,13.1
991022400000,12.4
991108800000,10.6
991195200000,10.7
991281600000,12.6
991368000000,13.6
991454400000,13.5
991540800000,12.1
991627200000,13.7
991713600000,12.9
991800000000,11.8
991886400000,12.4
991972800000,11.2
992059200000,10.5
992145600000,10.4
992232000000,10.4
992318400000,10.6
992404800000,9
992491200000,11.4
992577600000,11.3
992664000000,10.8
992750400000,11.3
992836800000,12.4
992923200000,12.3
993009600000,12.9
993096000000,12.5
993182400000,12.2
993268800000,11.8
993355200000,13
993441600000,13.2
993528000000,13.3
993614400000,13.1
993700800000,12
993787200000,12.3
993873600000,12.1
993960000000,11.7
994046400000,11.3
994132800000,11.7
994219200000,10
994305600000,11.6
994392000000,11.9
994478400000,10.1
994564800000,11.1
994651200000,11.7
994737600000,11.6
994824000000,11.7
994910400000,9.9
994996800000,12
995083200000,10.8
995169600000,10.7
995256000000,11.8
995342400000,12.3
995428800000,12.9
995515200000,13.5
995601600000,14.7
995688000000,13.4
995774400000,12.4
995860800000,12.7
995947200000,12.9
996033600000,11.7
996120000000,9.5
996206400000,10.4
996292800000,11.1
996379200000,11.5
996465600000,10.8
996552000000,10.7
996638400000,10.1
996724800000,10
996811200000,9.8
996897600000,12.2
996984000000,12.1
997070400000,12
997156800000,12.1
997243200000,11.9
997329600000,12
997416000000,13.4
997502400000,13.6
997588800000,14.9
997675200000,13.4
997761600000,14.1
997848000000,13.1
997934400000,13.9
998020800000,14.4
998107200000,14.4
998193600000,12.6
998280000000,11.4
998366400000,12
998452800000,12.5
998539200000,13.3
998625600000,12.8
998712000000,12.7
998798400000,12.4
998884800000,12.7
998971200000,12
999057600000,12.4
999144000000,12.6
999230400000,12.2
999316800000,12.8
999403200000,12.4
999489600000,11.4
999576000000,13.1
999662400000,13.7
999748800000,14.6
999835200000,16.1
999921600000,14.2
1000008000000,12.6
1000094400000,13.3
1000180800000,14.6
1000267200000,13.2
1000353600000,12.9
1000440000000,13.5
1000526400000,12.9
1000612800000,13.1
1000699200000,13.9
1000785600000,15.1
1000872000000,15.6
1000958400000,14.4
1001044800000,14.8
1001131200000,14.9
1001217600000,14.6
1001304000000,14.4
1001390400000,15.5
1001476800000,15.1
1001563200000,14.8
1001649600000,15.3
1001736000000,14.5
1001822400000,14.6
1001908800000,13.4
1001995200000,15.1
1002081600000,14.8
1002168000000,15.6
1002254400000,15.7
1002340800000,15
1002427200000,14
1002513600000,13.3
1002600000000,12.9
1002686400000,13.9
1002772800000,14.6
1002859200000,13.9
1002945600000,15.3
1003032000000,15
1003118400000,13.7
1003204800000,16.2
1003291200000,15.4
1003377600000,16.3
1003464000000,16
1003550400000,15.1
1003636800000,14.7
1003723200000,15.6
1003809600000,15
1003896000000,16.4
1003982400000,15.8
1004068800000,15.8
1004155200000,17.7
1004241600000,17.7
1004331600000,17.6
1004418000000,17.4
1004504400000,17.9
1004590800000,17.3
1004677200000,16.8
1004763600000,15.6
1004850000000,14.9
1004936400000,16.6
1005022800000,16.9
1005109200000,16.5
1005195600000,18.1
1005282000000,17.7
1005368400000,16.4
1005454800000,16.6
1005541200000,16.8
1005627600000,15.9
1005714000000,16.4
1005800400000,16
1005886800000,16.8
1005973200000,17.5
1006059600000,17.4
1006146000000,17.3
1006232400000,17.5
1006318800000,17.1
1006405200000,17.8
1006491600000,18.3
1006578000000,17.8
1006664400000,16.7
1006750800000,16.9
1006837200000,17.8
1006923600000,18.2
1007010000000,17.6
1007096400000,17.8
1007182800000,15.9
1007269200000,16.7
1007355600000,18.1
1007442000000,17.7
1007528400000,16.3
1007614800000,16.9
1007701200000,16.3
1007787600000,17.5
1007874000000,18.2
1007960400000,16.7
1008046800000,14.9
1008133200000,15.2
1008219600000,16.2
1008306000000,17.2
1008392400000,17.7
1008478800000,18
1008565200000,18.2
1008651600000,18
1008738000000,18
1008824400000,17.9
1008910800000,18.7
1008997200000,15.8
1009083600000,15.4
1009170000000,14.6
1009256400000,15.9
1009342800000,14.5
1009429200000,17
1009515600000,16.5
1009602000000,15.2
1009688400000,17.3
1009774800000,15.8
1009861200000,16.3
1009947600000,16
1010034000000,14.8
1010120400000,15.3
1010206800000,14.8
1010293200000,16
1010379600000,17
1010466000000,17.5
1010552400000,16.7
1010638800000,16.5
1010725200000,16
1010811600000,15.4
1010898000000,14.9
1010984400000,15.3
1011070800000,15.3
1011157200000,17.2
1011243600000,16.6
1011330000000,16
1011416400000,15.5
1011502800000,15.8
1011589200000,17.4
1011675600000,15.3
1011762000000,14.7
1011848400000,16.6
1011934800000,17.5
1012021200000,13.8
1012107600000,14.8
1012194000000,15.5
1012280400000,15.7
1012366800000,15.9
1012453200000,15.6
1012539600000,16.9
1012626000000,17
1012712400000,16.8
1012798800000,17.3
1012885200000,17
1012971600000,16.4
1013058000000,15.8
1013144400000,15.4
1013230800000,15.7
1013317200000,16.8
1013403600000,15.8
1013490000000,16.5
1013576400000,15.7