907732800000,1.1
907819200000,0
907905600000,0
907992000000,0
908078400000,0
908164800000,0
908251200000,0
908337600000,0
908424000000,0
908510400000,0
908596800000,0
908683200000,0
908769600000,0.8
908856000000,0.7
908942400000,0
909028800000,0
909115200000,0
909201600000,0
909288000000,0
909378000000,0
909464400000,0
909550800000,0
909637200000,0
909723600000,0
909810000000,0
909896400000,0
909982800000,0
910069200000,0
910155600000,0
910242000000,0
910328400000,0
910414800000,0
910501200000,0
910587600000,0
910674000000,0
910760400000,0
910846800000,0
910933200000,0
911019600000,0
911106000000,0
911192400000,0
911278800000,0
911365200000,0
911451600000,0
911538000000,0
911624400000,0
911710800000,0
911797200000,0.5
911883600000,9.3
911970000000,5.9
912056400000,1.4
912142800000,0.5
912229200000,0
912315600000,0
912402000000,0
912488400000,0
912574800000,0
912661200000,3.2
912747600000,0
912834000000,0
912920400000,0
913006800000,0
913093200000,0
913179600000,0
913266000000,0
913352400000,0
913438800000,0
913525200000,0
913611600000,0
913698000000,0
913784400000,0
913870800000,0
913957200000,0
914043600000,0
914130000000,0
914216400000,0
914302800000,13.1
914389200000,0
914475600000,0
914562000000,0
914648400000,65.2
914734800000,0
914821200000,0
914907600000,0
914994000000,0.3
915080400000,0
915166800000,0.2
915253200000,9.4
915339600000,6.6
915426000000,0.4
915512400000,21.7
915598800000,0
915685200000,0
915771600000,3.5
915858000000,0.4
915944400000,0
916030800000,0
916117200000,0.1
916203600000,7.2
916290000000,0
916376400000,5.7
916462800000,1.1
916549200000,25.2
916635600000,9.9
916722000000,21
916808400000,0
916894800000,2.5
916981200000,3.7
917067600000,22.7
917154000000,10.5
917240400000,10.9
917326800000,9.7
917413200000,0
917499600000,0.2
917586000000,11.5
917672400000,0
917758800000,36.6
917845200000,0.9
917931600000,0
918018000000,6.9
918104400000,0
918190800000,0
918277200000,0
918363600000,0
918450000000,0.5
918536400000,10.8
918622800000,15.4
918709200000,12.7
918795600000,13.5
918882000000,0
918968400000,0
919054800000,0.2
919141200000,3.5
919227600000,0.2
919314000000,4.1
919400400000,0.5
919486800000,21.6
919573200000,1.8
919659600000,4.2
919746000000,3.9
919832400000,10.3
919918800000,0.3
920005200000,0
920091600000,2.1
920178000000,75.9
920264400000,0.2
920350800000,28.9
920437200000,0
920523600000,0.1
920610000000,31.5
920696400000,14.6
920782800000,18.2
920869200000,0.2
920955600000,7
921042000000,12.8
921128400000,40
921214800000,0.6
921301200000,0
921387600000,24.4
921474000000,2
921560400000,3.7
921646800000,1.6
921733200000,6.7
921819600000,0.1
921906000000,0.6
921992400000,9.4
922078800000,10.2
922165200000,0
922251600000,1.7
922338000000,24.3
922424400000,38.6
922510800000,16
922597200000,4.4
922683600000,4.5
922770000000,4.5
922856400000,3.4
922942800000,17.3
923029200000,11.7
923115600000,12.9
923202000000,14.4
923284800000,16.2
923371200000,2.1
923457600000,3.8
923544000000,7.8
923630400000,10.1
923716800000,0.1
923803200000,1.6
923889600000,1
923976000000,0.5
924062400000,8.6
924148800000,3.3
924235200000,2.8
924321600000,1.2
924408000000,0.4
924494400000,0.1
924580800000,3.4
924667200000,4.5
924753600000,4.1
924840000000,0
924926400000,0
925012800000,0.3
925099200000,0.4
925185600000,1.3
925272000000,0.6
925358400000,2.5
925444800000,1.2
925531200000,1.9
925617600000,6.5
925704000000,4.4
925790400000,1.3
925876800000,0
925963200000,7
926049600000,0.1
926136000000,0
926222400000,0
926308800000,0
926395200000,0
926481600000,0
926568000000,0.3
926654400000,1.2
926740800000,0
926827200000,0
926913600000,0.9
927000000000,0
927086400000,0
927172800000,0
927259200000,0
927345600000,0
927432000000,0
927518400000,0
927604800000,0
927691200000,0
927777600000,0
927864000000,0
927950400000,0.1
928036800000,0
928123200000,0
928209600000,0
928296000000,0.6
928382400000,2.1
928468800000,0
928555200000,0
928641600000,0
928728000000,0
928814400000,0
928900800000,0
928987200000,0
929073600000,0
929160000000,0
929246400000,0
929332800000,0
929419200000,0.1
929505600000,0
929592000000,2.9
929678400000,0
929764800000,0
929851200000,0
929937600000,0
930024000000,0
930110400000,0
930196800000,0
930283200000,0
930369600000,0
930456000000,0
930542400000,0
930628800000,0
930715200000,0
930801600000,0
930888000000,0
930974400000,0
931060800000,0
931147200000,0
931233600000,0
931320000000,0
931406400000,0
931492800000,0
931579200000,0
931665600000,0
931752000000,0
931838400000,0
931924800000,0
932011200000,0
932097600000,0
932184000000,0
932270400000,0
932356800000,0
932443200000,0
932529600000,0
932616000000,0
932702400000,0
932788800000,0
932875200000,0
932961600000,0
933048000000,0
933134400000,0
933220800000,0
933307200000,0
933393600000,0
933480000000,0
933566400000,0
933652800000,0
933739200000,0
933825600000,0
933912000000,2.1
933998400000,1.4
934084800000,0
934171200000,0
934257600000,0
934344000000,0
934430400000,0
934516800000,0
934603200000,0
934689600000,0
934776000000,2.2
934862400000,0
934948800000,1
935035200000,2.4
935121600000,0
935208000000,0
935294400000,0
935380800000,0.3
935467200000,10.2
935553600000,0
935640000000,0.8
935726400000,0
935812800000,0
935899200000,0
935985600000,0
936072000000,0
936158400000,0.1
936244800000,0
936331200000,0
936417600000,0
936504000000,0
936590400000,0
936676800000,0
936763200000,0
936849600000,0
936936000000,0
937022400000,3.2
937108800000,0
937195200000,0
937281600000,0
937368000000,0.6
937454400000,2.2
937540800000,0
937627200000,0
937713600000,0
937800000000,0
937886400000,0
937972800000,0.1
938059200000,0
938145600000,0
938232000000,0
938318400000,0
938404800000,0.2
938491200000,0.2
938577600000,0.1
938664000000,0.5
938750400000,0
938836800000,0.1
938923200000,0
939009600000,0
939096000000,0
939182400000,0
939268800000,0
939355200000,0
939441600000,0
939528000000,0
939614400000,0.4
939700800000,0
939787200000,0
939873600000,0
939960000000,0
940046400000,0
940132800000,0
940219200000,0
940305600000,0
940392000000,0
940478400000,0
940564800000,0
940651200000,0
940737600000,0
940824000000,0
940910400000,0
940996800000,0.5
941083200000,0
941169600000,0
941256000000,0
941342400000,8.2
941432400000,0
941518800000,0
941605200000,0
941691600000,0
941778000000,0
941864400000,0
941950800000,0
942037200000,0
942123600000,0
942210000000,0
942296400000,0
942382800000,17.2
942469200000,8.8
942555600000,1.1
942642000000,3.8
942728400000,0.1
942814800000,0
942901200000,0
942987600000,0
943074000000,0
943160400000,0.6
943246800000,0.1
943333200000,1.1
943419600000,0.8
943506000000,0
943592400000,0
943678800000,0
943765200000,0
943851600000,0
943938000000,0
944024400000,0
944110800000,0
944197200000,0
944283600000,0
944370000000,0
944456400000,0
944542800000,0
944629200000,0
944715600000,0
944802000000,0
944888400000,0
944974800000,5.6
945061200000,7.2
945147600000,0.2
945234000000,10.1
945320400000,3.5
945406800000,9.9
945493200000,0.8
945579600000,0
945666000000,0
945752400000,0
945838800000,0
945925200000,0.3
946011600000,0
946098000000,1.9
946184400000,0
946270800000,0
946357200000,0
946443600000,0
946530000000,0.5
946616400000,10
946702800000,0.4
946789200000,0.3
946875600000,23.3
946962000000,0
947048400000,2.2
947134800000,17.2
947221200000,11.1
947307600000,2
947394000000,1.3
947480400000,5.4
947566800000,0.1
947653200000,0
947739600000,10.3
947826000000,2.9
947912400000,8
947998800000,1.4
948085200000,0.5
948171600000,0
948258000000,0
948344400000,0
948430800000,7.6
948517200000,0
948603600000,0
948690000000,0
948776400000,0
948862800000,21.7
948949200000,0
949035600000,9.5
949122000000,0
949208400000,1.4
949294800000,0
949381200000,5.7
949467600000,0.1
949554000000,27.2
949640400000,0.2
949726800000,24.3
949813200000,18.8
949899600000,13.5
949986000000,0.2
950072400000,22
950158800000,2.6
950245200000,1
950331600000,0.1
950418000000,36
950504400000,16.4
950590800000,8.3
950677200000,0.1
950763600000,3.2
950850000000,1.7
950936400000,1.3
951022800000,0.7
951109200000,0
951195600000,5.4
951282000000,0
951368400000,1.2
951454800000,9.4
951541200000,9.4
951627600000,1.7
951714000000,0
951800400000,0
951886800000,0.3
951973200000,1.1
952059600000,12.5
952146000000,0.2
952232400000,0.4
952318800000,4.5
952405200000,0.4
952491600000,1
952578000000,0
952664400000,0
952750800000,0
952837200000,3.6
952923600000,0.1
953010000000,3.8
953096400000,2.6
953182800000,0.1
953269200000,7.2
953355600000,2
953442000000,2.6
953528400000,0.5
953614800000,21.4
953701200000,2.3
953787600000,12.4
953874000000,0.7
953960400000,15.3
954046800000,37.3
954133200000,32.5
954219600000,3
954306000000,0.2
954392400000,21.6
954478800000,0
954565200000,0
954651600000,2.7
954734400000,0.1
954820800000,0
954907200000,0
954993600000,19.7
955080000000,10.5
955166400000,0.4
955252800000,7.7
955339200000,21.2
955425600000,0.1
955512000000,19.6
955598400000,2.3
955684800000,0
955771200000,0
955857600000,0
955944000000,0.2
956030400000,2.8
956116800000,4
956203200000,0
956289600000,0
956376000000,0
956462400000,5.7
956548800000,3.5
956635200000,3.4
956721600000,0
956808000000,0
956894400000,3.6
956980800000,0.3
957067200000,0
957153600000,0
957240000000,0
957326400000,10
957412800000,2
957499200000,0.6
957585600000,0.4
957672000000,0.1
957758400000,0
957844800000,0
957931200000,0
958017600000,0
958104000000,4.7
958190400000,3.2
958276800000,0.6
958363200000,0
958449600000,0
958536000000,0
958622400000,0
958708800000,0
958795200000,0
958881600000,0
958968000000,0
959054400000,0
959140800000,0
959227200000,0
959313600000,0
959400000000,0
959486400000,0
959572800000,0
959659200000,0
959745600000,0
959832000000,0
959918400000,0
960004800000,0.1
960091200000,0
960177600000,0
960264000000,0
960350400000,0
960436800000,0
960523200000,0
960609600000,0
960696000000,0
960782400000,0
960868800000,0
960955200000,0
961041600000,0
961128000000,0
961214400000,0
961300800000,0.9
961387200000,1.2
961473600000,0
961560000000,0
961646400000,0
961732800000,0
961819200000,0
961905600000,0
961992000000,0
962078400000,0
962164800000,0
962251200000,0
962337600000,0
962424000000,0
962510400000,0
962596800000,0
962683200000,0
962769600000,0
962856000000,0
962942400000,0
963028800000,0
963115200000,0
963201600000,0
963288000000,0
963374400000,0
963460800000,0
963547200000,0
963633600000,0
963720000000,0
963806400000,0
963892800000,0
963979200000,0
964065600000,0.1
964152000000,0
964238400000,0
964324800000,0
964411200000,0
964497600000,0
964584000000,0
964670400000,0
964756800000,0
964843200000,0
964929600000,0
965016000000,0
965102400000,0
965188800000,0
965275200000,0
965361600000,0
965448000000,0
965534400000,0
965620800000,0
965707200000,0
965793600000,0
965880000000,0
965966400000,0
966052800000,0
966139200000,0
966225600000,0
966312000000,0
966398400000,0
966484800000,0
966571200000,0
966657600000,0
966744000000,0
966830400000,0
966916800000,0
967003200000,0
967089600000,0
967176000000,0
967262400000,0
967348800000,0
967435200000,0
967521600000,0
967608000000,0
967694400000,0
967780800000,0.1
967867200000,0
967953600000,0
968040000000,0
968126400000,0
968212800000,0
968299200000,0
968385600000,0
968472000000,0
968558400000,0
968644800000,0
968731200000,0
968817600000,0.1
968904000000,0
968990400000,0
969076800000,0
969163200000,0
969249600000,0
969336000000,0
969422400000,0
969508800000,0
969595200000,0
969681600000,0
969768000000,0
969854400000,0
969940800000,0
970027200000,0
970113600000,0
970200000000,0
970286400000,0
970372800000,0
970459200000,0
970545600000,0
970632000000,0
970718400000,0
970804800000,0
970891200000,0
970977600000,0
971064000000,0
971150400000,0
971236800000,0
971323200000,0.1
971409600000,0
971496000000,0
971582400000,0
971668800000,0
971755200000,0
971841600000,0
971928000000,0
972014400000,0
972100800000,0
972187200000,0
972273600000,0
972360000000,0
972446400000,0
972532800000,0
972619200000,0
972705600000,0
972792000000,0
972882000000,0
972968400000,2.6
973054800000,0
973141200000,0
973227600000,0
973314000000,0
973400400000,0
973486800000,0
973573200000,0
973659600000,0
973746000000,0
973832400000,0
973918800000,0
974005200000,1.6
974091600000,0
974178000000,16.5
974264400000,0
974350800000,0.5
974437200000,0
974523600000,0.2
974610000000,0.8
974696400000,0
974782800000,17.8
974869200000,27.1
974955600000,0
975042000000,21.4
975128400000,0
975214800000,23.4
975301200000,24.2
975387600000,7.5
975474000000,0
975560400000,0.5
975646800000,2.6
975733200000,2.8
975819600000,5.1
975906000000,13.8
975992400000,1.1
976078800000,0.2
976165200000,0
976251600000,0
976338000000,0
976424400000,1.1
976510800000,0.3
976597200000,4.9
976683600000,42.1
976770000000,72.9
976856400000,1.9
976942800000,3.2
977029200000,0.4
977115600000,1.7
977202000000,1.8
977288400000,0
977374800000,14.2
977461200000,8.4
977547600000,6.9
977634000000,0
977720400000,0.5
977806800000,0
977893200000,17.4
977979600000,4.1
978066000000,50.6
978152400000,19.8
978238800000,13.8
978325200000,0.7
978411600000,0
978498000000,10.2
978584400000,17.3
978670800000,42.8
978757200000,13.3
978843600000,0.1
978930000000,10.8
979016400000,4.4
979102800000,1.7
979189200000,0.2
979275600000,3.1
979362000000,23.3
979448400000,5.8
979534800000,2.1
979621200000,3.4
979707600000,0.6
979794000000,1.2
979880400000,1
979966800000,5.1
980053200000,1
980139600000,11.6
980226000000,8.6
980312400000,0.3
980398800000,3.1
980485200000,1
980571600000,0.7
980658000000,0
980744400000,0.4
980830800000,0.1
980917200000,3.1
981003600000,2.2
981090000000,2.2
981176400000,0.1
981262800000,5.2
981349200000,4.7
981435600000,5.8
981522000000,13.7
981608400000,1.8
981694800000,0
981781200000,3.5
981867600000,8.5
981954000000,0.8
982040400000,0
982126800000,3.5
982213200000,26.5
982299600000,0.2
982386000000,13.6
982472400000,0.4
982558800000,5.6
982645200000,64
982731600000,1.5
982818000000,10.5
982904400000,6
982990800000,3.7
983077200000,0.2
983163600000,14.3
983250000000,1
983336400000,0
983422800000,0
983509200000,3.5
983595600000,6.8
983682000000,3.7
983768400000,25.4
983854800000,18.9
983941200000,3.4
984027600000,11.4
984114000000,0.1
984200400000,10.5
984286800000,0
984373200000,0
984459600000,6.3
984546000000,14.3
984632400000,4
984718800000,11.9
984805200000,0.6
984891600000,0.8
984978000000,0
985064400000,0
985150800000,0
985237200000,7.5
985323600000,6.7
985410000000,0
985496400000,1.4
985582800000,5.5
985669200000,0.2
985755600000,0.9
985842000000,13.3
985928400000,4.8
986014800000,0.2
986101200000,0.5
986184000000,4.4
986270400000,1.5
986356800000,0
986443200000,0.1
986529600000,0
986616000000,0
986702400000,2.1
986788800000,9.4
986875200000,31.2
986961600000,0.8
987048000000,0.3
987134400000,0
987220800000,0
987307200000,0
987393600000,1.1
987480000000,9
987566400000,9.8
987652800000,1
987739200000,1.6
987825600000,0.7
987912000000,0.2
987998400000,0
988084800000,7.1
988171200000,3.2
988257600000,1.3
988344000000,3.9
988430400000,0
988516800000,0
988603200000,0.4
988689600000,0
988776000000,0.1
988862400000,0
988948800000,0.2
989035200000,2
989121600000,1.8
989208000000,18
989294400000,0.1
989380800000,0
989467200000,0
989553600000,0
989640000000,0
989726400000,0.1
989812800000,0
989899200000,0
989985600000,0
990072000000,0
990158400000,0
990244800000,0
990331200000,0
990417600000,0.5
990504000000,0.3
990590400000,0.8
990676800000,5.1
990763200000,0.3
990849600000,0
990936000000,0
991022400000,0
991108800000,0
991195200000,0
991281600000,0
991368000000,0
991454400000,0
991540800000,0
991627200000,0
991713600000,0
991800000000,0
991886400000,0
991972800000,0
992059200000,0
992145600000,0
992232000000,0
992318400000,0
992404800000,0
992491200000,0
992577600000,0
992664000000,0
992750400000,0
992836800000,0
992923200000,0
993009600000,0
993096000000,0
993182400000,0
993268800000,0
993355200000,0
993441600000,0
993528000000,0
993614400000,0
993700800000,0
993787200000,0
993873600000,0
993960000000,0
994046400000,0
994132800000,0
994219200000,0
994305600000,0
994392000000,0
994478400000,0
994564800000,0
994651200000,0
994737600000,0
994824000000,0
994910400000,0
994996800000,0
995083200000,0
995169600000,0
995256000000,0
995342400000,0
995428800000,0
995515200000,0
995601600000,0
995688000000,0
995774400000,0
995860800000,0
995947200000,0
996033600000,0.1
996120000000,0
996206400000,0
996292800000,0
996379200000,0
996465600000,0
996552000000,1.3
996638400000,0.1
996724800000,0
996811200000,0
996897600000,0
996984000000,0
997070400000,0
997156800000,0
997243200000,0
997329600000,0
997416000000,0
997502400000,0
997588800000,0
997675200000,0
997761600000,0
997848000000,0
997934400000,0
998020800000,0
998107200000,0
998193600000,0
998280000000,0
998366400000,0.1
998452800000,0
998539200000,0.1
998625600000,0
998712000000,0
998798400000,0
998884800000,0
998971200000,0
999057600000,0
999144000000,0
999230400000,0
999316800000,0
999403200000,0
999489600000,0
999576000000,0
999662400000,0
999748800000,0
999835200000,0
999921600000,0
1000008000000,0
1000094400000,0
1000180800000,0
1000267200000,0
1000353600000,0
1000440000000,4.6
1000526400000,0
1000612800000,0
1000699200000,0
1000785600000,0
1000872000000,0
1000958400000,0
1001044800000,0
1001131200000,0
1001217600000,0
1001304000000,0
1001390400000,0
1001476800000,0
1001563200000,0
1001649600000,0
1001736000000,0
1001822400000,0
1001908800000,0
1001995200000,0
1002081600000,0
1002168000000,0
1002254400000,0
1002340800000,0
1002427200000,0
1002513600000,0.1
1002600000000,0
1002686400000,0
1002772800000,0
1002859200000,0
1002945600000,0
1003032000000,0
1003118400000,0
1003204800000,0
1003291200000,0
1003377600000,0
1003464000000,0
1003550400000,0
1003636800000,0
1003723200000,0
1003809600000,0
1003896000000,0
1003982400000,0
1004068800000,0
1004155200000,0
1004241600000,0
1004331600000,0
1004418000000,0
1004504400000,0
1004590800000,0
1004677200000,0
1004763600000,0
1004850000000,0
1004936400000,0
1005022800000,0
1005109200000,0
1005195600000,0
1005282000000,0
1005368400000,0
1005454800000,0
1005541200000,7
1005627600000,0
1005714000000,0
1005800400000,0
1005886800000,0
1005973200000,0
1006059600000,0
1006146000000,0
1006232400000,0
1006318800000,0
1006405200000,0
1006491600000,0
1006578000000,0
1006664400000,0
1006750800000,0
1006837200000,0
1006923600000,0
1007010000000,0
1007096400000,0
1007182800000,53.9
1007269200000,0.1
1007355600000,0
1007442000000,0
1007528400000,14.1
1007614800000,10.3
1007701200000,3.2
1007787600000,1.4
1007874000000,0
1007960400000,2.9
1008046800000,11
1008133200000,6.7
1008219600000,4.8
1008306000000,3.5
1008392400000,2.7
1008478800000,2
1008565200000,1.5
1008651600000,0.6
1008738000000,0
1008824400000,2
1008910800000,0.4
1008997200000,4.7
1009083600000,4.2
1009170000000,10.2
1009256400000,7.8
1009342800000,5
1009429200000,3.5
1009515600000,3.1
1009602000000,4.4
1009688400000,0.8
1009774800000,8.8
1009861200000,8.8
1009861200000,6.8
1009947600000,6.8
1009947600000,4
1010034000000,4
1010034000000,10.6
1010120400000,10.6
1010120400000,8
1010206800000,8
1010206800000,5.4
1010293200000,5.4
1010293200000,3.6
1010379600000,3.6
1010379600000,2.7
1010466000000,2.7
1010466000000,1.5
1010552400000,1.5
1010552400000,5.2
1010638800000,5.2
1010638800000,2.8
1010725200000,2.8
1010725200000,2.1
1010811600000,2.1
1010811600000,1.8
1010898000000,1.8
1010898000000,2.5
1010984400000,2.5
1010984400000,3.1
1011070800000,3.1
1011070800000,3
1011157200000,3
1011157200000,2.9
1011243600000,2.9
1011243600000,2.6
1011330000000,2.6
1011330000000,2.9
1011416400000,2.9
1011416400000,2.3
1011502800000,2.3
1011502800000,2.7
1011589200000,2.7
1011589200000,2.7
1011675600000,2.7
1011675600000,2.4
1011762000000,2.4
1011762000000,2.3
1011848400000,2.3
1011848400000,2.2
1011934800000,2.2
1011934800000,2
1012021200000,2
1012021200000,2
1012107600000,2
1012107600000,2.4
1012194000000,2.4
1012194000000,2
1012280400000,2
1012280400000,2
1012366800000,2
1012366800000,2.1
1012453200000,2.1
1012453200000,1.9
1012539600000,1.9
1012539600000,2.1
1012626000000,2.1
1012626000000,2
1012712400000,2
1012712400000,2.7
1012798800000,2.7
1012798800000,2.7
1012885200000,2.7
1012885200000,2.1
1012971600000,2.1
1012971600000,4.8
1013058000000,4.8
1013058000000,4.4
1013144400000,4.4
1013144400000,4.5
1013230800000,4.5
1013230800000,4.1
1013317200000,4.1
1013317200000,4.5
1013403600000,4.5
1013403600000,9.9
1013490000000,9.9
1013490000000,40.2
1013576400000,40.2
1013576400000,38.8
1013662800000,38.8
1013749200000,14.6
1013835600000,0.8
1013922000000,13.2
1014008400000,6.4
1014094800000,8.8
1014181200000,12.5
1014267600000,2.6
1014354000000,0.6
1014440400000,0
1014526800000,0
1014613200000,0
1014699600000,0
1014786000000,0
1014872400000,17.9
1014958800000,7.2
1015045200000,10.9
1015131600000,16.3
1015218000000,0
1015304400000,1.3
1015390800000,2.2
1015477200000,19.5
1015563600000,9.2
1015650000000,15
1015736400000,13.9
1015822800000,0.3
1015909200000,28.8
1015995600000,4.4
1016082000000,0.8
1016168400000,28.7
1016254800000,8.4
1016341200000,13.5
1016427600000,3
1016514000000,4.9
1016600400000,1.6
1016686800000,0
1016773200000,14.1
1016859600000,1.7
1016946000000,16.3
1017032400000,12.3
1017118800000,9.5
1017205200000,5.3
1017291600000,6.2
1017378000000,9.4
1017464400000,1.1
1017550800000,6.1
1017637200000,6.5
1017723600000,4.6
1017810000000,11.8
1017896400000,13
1017982800000,2.5
1018069200000,0.5
1018155600000,20.7
1018238400000,5.5
1018324800000,9.8
1018411200000,4.2
1018497600000,0
1018584000000,27.2
1018670400000,9.5
1018756800000,9.2
1018843200000,0
1018929600000,2.7
1019016000000,3.5
1019102400000,4.4
1019188800000,0.1
1019275200000,0
1019361600000,3.3
1019448000000,5.4
1019534400000,0
1019620800000,0.1
1019707200000,0
1019793600000,0
1019880000000,1.6
1019966400000,3.7
1020052800000,1.5
1020139200000,1.6
1020225600000,0.1
1020312000000,0
1020398400000,0
1020484800000,0
1020571200000,0
1020657600000,0
1020744000000,2
1020830400000,0
1020916800000,0
1021003200000,0
1021089600000,0
1021176000000,0
1021262400000,0
1021348800000,0
1021435200000,0
1021521600000,0
1021608000000,0
1021694400000,0
1021780800000,0
1021867200000,0.2
1021953600000,1.1
1022040000000,0
1022126400000,0
1022212800000,0
1022299200000,0
1022385600000,0
1022472000000,0.4
1022558400000,1.4
1022644800000,0
1022731200000,0
1022817600000,0
1022904000000,0
1022990400000,0
1023076800000,0
1023163200000,0.4
1023249600000,0
1023336000000,0
1023422400000,0
1023508800000,0
1023595200000,0.1
1023681600000,0
1023768000000,0.2
1023854400000,0
1023940800000,0
1024027200000,0
1024113600000,0
1024200000000,0
1024286400000,0
1024372800000,0
1024459200000,0
1024545600000,0
1024632000000,0
1024718400000,0.4
1024804800000,0
1024891200000,0
1024977600000,0
1025064000000,0
1025150400000,0
1025236800000,0
1025323200000,0
1025409600000,0
1025496000000,0
1025582400000,0
1025668800000,0
1025755200000,0.4
1025841600000,0
1025928000000,0
1026014400000,0
1026100800000,0
1026187200000,0
1026273600000,0
1026360000000,0
1026446400000,0
1026532800000,0
1026619200000,0
1026705600000,0
1026792000000,0
1026878400000,0
1026964800000,0
1027051200000,0
1027137600000,1.2
1027224000000,0
1027310400000,0
1027396800000,0
1027483200000,0.1
1027569600000,0.1
1027656000000,0.1
1027742400000,0
1027828800000,0
1027915200000,0
1028001600000,0
1028088000000,0
1028174400000,0
1028260800000,2.1
1028347200000,0.1
1028433600000,0
1028520000000,0
1028606400000,0
1028692800000,0
1028779200000,0
1028865600000,0
1028952000000,0
1029038400000,0
1029124800000,0
1029211200000,0
1029297600000,0.6
1029384000000,0.1
1029470400000,0
1029556800000,0
1029643200000,0
1029729600000,0
1029816000000,0
1029902400000,0
1029988800000,0
1030075200000,0
1030161600000,0
1030248000000,0.1
1030334400000,1.9
1030420800000,0
1030507200000,0
1030593600000,0
1030680000000,0
1030766400000,0
1030852800000,0
1030939200000,0
1031025600000,0
1031112000000,0.1
1031198400000,0
1031284800000,0
1031371200000,0
1031457600000,0
1031544000000,0
1031630400000,0
1031716800000,0
1031803200000,0
1031889600000,0
1031976000000,0.3
1032062400000,0
1032148800000,0
1032235200000,2.5
1032321600000,1.1
1032408000000,0
1032494400000,0.5
1032580800000,0.8
1032667200000,0
1032753600000,0
1032840000000,0
1032926400000,0
1033012800000,0
1033099200000,0
1033185600000,0.1
1033272000000,0.2
1033358400000,0
1033444800000,0
1033531200000,0
1033617600000,0
1033704000000,0
1033790400000,0
1033876800000,0
1033963200000,0
1034049600000,0
1034136000000,0
1034222400000,0
1034308800000,0
1034395200000,0
1034481600000,0
1034568000000,0
1034654400000,0
1034740800000,0
1034827200000,0
1034913600000,0
1035000000000,0
1035086400000,0
1035172800000,0
1035259200000,0
1035345600000,0.4
1035432000000,0.2
1035518400000,0
1035604800000,0
1035691200000,0
1035781200000,0
1035867600000,0
1035954000000,0
1036040400000,0
1036126800000,0.2
1036213200000,0
1036299600000,0
1036386000000,0
1036472400000,0
1036558800000,0
1036645200000,0
1036731600000,0
1036818000000,1
1036904400000,10.7
1036990800000,0
1037077200000,10.2
1037163600000,0
1037250000000,0.7
1037336400000,0.7
1037422800000,0
1037509200000,0
1037595600000,0
1037682000000,0
1037768400000,0
1037854800000,0
1037941200000,0
1038027600000,5.6
1038114000000,0
1038200400000,60.3
1038286800000,0
1038373200000,1.8
1038459600000,1.2
1038546000000,0
1038632400000,0
1038718800000,0
1038805200000,0
1038891600000,2.4
1038978000000,0.5
1039064400000,3.1
1039150800000,0.6
1039237200000,0
1039323600000,0
1039410000000,0
1039496400000,0
1039582800000,0
1039669200000,2.3
1039755600000,14.9
1039842000000,0
1039928400000,0
1040014800000,23.6
1040101200000,0
1040187600000,0
1040274000000,0
1040360400000,0
1040446800000,8.1
1040533200000,8.7
1040619600000,18.7
1040706000000,0.1
1040792400000,6.2
1040878800000,1.6
1040965200000,6.3
1041051600000,1
1041138000000,0.7
1041224400000,19.5
1041310800000,12.4
1041397200000,71.8
1041483600000,0.9
1041570000000,0.3
1041656400000,2.3
1041742800000,0.7
1041829200000,15
1041915600000,12
1042002000000,1.5
1042088400000,0.7
1042174800000,0.5
1042261200000,0.4
1042347600000,0.3
1042434000000,0.2
1042520400000,0.2
1042606800000,0.1
1045976400000,0
1046062800000,0
1046149200000,0
1046235600000,0
1046322000000,0
1046408400000,0
1046494800000,0
1046581200000,0
1046667600000,0
1046754000000,0
1046840400000,0
1046926800000,0
1047013200000,0
1047099600000,0
1047186000000,0
1047272400000,0
1047358800000,0
1047445200000,0
1047531600000,0
1047618000000,0
1047704400000,0
1047790800000,0
1047877200000,0
1047963600000,0
1048050000000,0
1048136400000,0
1048222800000,0
1048309200000,0
1048395600000,0
1048482000000,0
1048568400000,0
1048654800000,0
1048741200000,0
1048827600000,0
1048914000000,0
1049000400000,0
1049086800000,0
1049173200000,15.9
1049259600000,24.6
1049346000000,0.6
1049432400000,0.5
1049518800000,16.6
1049605200000,8
1049688000000,18
1049774400000,7.7
1049860800000,13.4
1049947200000,13.7
1050033600000,0
1050120000000,14.8
1050206400000,0.1
1050292800000,0
1050379200000,0
1050465600000,0
1050552000000,0.1
1050638400000,0
1050724800000,0
1050811200000,0
1050897600000,0
1050984000000,0.8
1051070400000,21
1051156800000,5.2
1051243200000,0
1051329600000,0
1051416000000,0
1051502400000,0
1051588800000,0
1051675200000,0
1051761600000,1.2
1051848000000,0
1051934400000,3.1
1052020800000,0.6
1052107200000,0.3
1052193600000,0.2
1052280000000,0.2
1052366400000,0.1
1052452800000,0.1
1052539200000,0.1
1052625600000,0.1
1052712000000,0
1052798400000,0
1052884800000,0
1052971200000,0.1
1053057600000,0
1053144000000,0
1053230400000,0
1053316800000,0
1053403200000,0
1053489600000,0
1053576000000,0.2
1053662400000,0.1
1053748800000,0
1053835200000,0
1053921600000,0
1054008000000,0
1054094400000,0
1054180800000,0
1054267200000,0.1
1054353600000,0.3
1054440000000,0
1054526400000,0
1054612800000,0
1054699200000,3.2
1054785600000,0
1054872000000,0
1054958400000,0
1055044800000,0
1055131200000,0
1055217600000,0
1055304000000,0
1055390400000,0
1055476800000,0
1055563200000,0
1055649600000,0
1055736000000,0
1055822400000,0
1055908800000,0
1055995200000,0
1056081600000,0
1056168000000,0
1056254400000,0
1056340800000,0
1056427200000,0
1056513600000,0
1056600000000,0
1056686400000,0
1056772800000,0
1056859200000,0
1056945600000,0
1057032000000,0
1057118400000,0
1057204800000,0.1
1057291200000,0
1057377600000,0
1057464000000,0
1057550400000,1.2
1057636800000,0.2
1057723200000,0
1057809600000,0
1057896000000,0
1057982400000,0
1058068800000,0
1058155200000,0
1058241600000,0
1058328000000,0
1058414400000,0
1058500800000,0
1058587200000,0
1058673600000,0
1058760000000,0
1058846400000,0
1058932800000,0
1059019200000,0
1059105600000,0
1059192000000,0
1059278400000,0
1059364800000,0
1059451200000,0
1059537600000,0
1059624000000,0
1059710400000,0
1059796800000,0
1059883200000,0
1059969600000,0
1060056000000,0
1060142400000,0
1060228800000,0
1060315200000,0
1060401600000,0
1060488000000,0
1060574400000,0
1060660800000,0
1060747200000,0
1060833600000,0
1060920000000,0.2
1061006400000,0
1061092800000,0
1061179200000,0
1061265600000,0
1061352000000,0.1
1061438400000,0
1061524800000,3.8
1061611200000,0
1061697600000,0
1061784000000,0
1061870400000,0
1061956800000,0
1062043200000,0
1062129600000,0
1062216000000,0
1062302400000,0
1062388800000,0
1062475200000,0
1062561600000,1.2
1062648000000,0.4
1062734400000,0.3
1062820800000,0
1062907200000,0
1062993600000,0
1063080000000,0
1063166400000,0
1063252800000,0
1063339200000,0.2
1063425600000,0.1
1063512000000,0
1063598400000,5.1
1063684800000,0.1
1063771200000,0
1063857600000,0
1063944000000,3.3
1064030400000,0.1
1064116800000,0
1064203200000,0
1064289600000,0
1064376000000,0
1064462400000,0
1064548800000,0
1064635200000,0
1064721600000,0
1064808000000,0
1064894400000,0
1064980800000,0
1065067200000,0
1065153600000,0
1065240000000,0
1065326400000,0
1065412800000,0
1065499200000,0
1065585600000,0
1065672000000,0
1065758400000,0
1065844800000,0
1065931200000,0
1066017600000,0
1066104000000,0
1066190400000,0
1066276800000,0
1067662800000,0
1067749200000,3.2
1067835600000,0
1067922000000,0
1068008400000,0
1068094800000,0
1068181200000,0
1068267600000,0
1068354000000,0
1068440400000,0
1068526800000,0
1068613200000,0
1068699600000,0
1068786000000,0
1068872400000,0
1068958800000,0
1069045200000,0
1069131600000,0
1069218000000,0
1069304400000,0
1069390800000,0
1069477200000,0
1069563600000,0
1069650000000,0
1069736400000,0.8
1069822800000,0.9
1069909200000,0
1069995600000,0
1070082000000,0
1070168400000,0
1070254800000,0
1070341200000,26.9
1070427600000,13.4
1070514000000,0.1
1070600400000,0.6
1070686800000,0
1070773200000,3.9
1070859600000,0
1070946000000,0
1071032400000,0
1071118800000,1.9
1071205200000,1.7
1071291600000,0.8
1071378000000,37.1
1071464400000,17
1071550800000,9
1071637200000,21.6
1071723600000,5.6
1071810000000,14.6
1071896400000,1.6
1071982800000,0
1072069200000,0
1072155600000,0.2
1072242000000,0
1072328400000,0.6
1072414800000,0
1072501200000,51.9
1072587600000,27.5
1072674000000,11.7
1072760400000,5.9
1072846800000,0.8
1072933200000,0
1073019600000,0
1073106000000,9.4
1073192400000,4
1073278800000,16.9
1073365200000,10.6
1073451600000,0
1073538000000,3.4
1073624400000,3.9
1073710800000,6.3
1073797200000,2.9
1073883600000,2
1073970000000,10.5
1074056400000,7.9
1074142800000,23.3
1074229200000,19.3
1074315600000,24.6
1074402000000,29.4
1074488400000,14.8
1074574800000,5.2
1074661200000,0
1074747600000,0
1074834000000,35.3
1074920400000,7
1075006800000,4
1075093200000,0.3
1075179600000,0
1075266000000,0.1
1075352400000,6.9
1075438800000,0
1075525200000,0
1075611600000,8.8
1075698000000,9.6
1075784400000,0.7
1075870800000,0
1075957200000,1.7
1076043600000,0
1076130000000,12.7
1076216400000,24.2
1076302800000,11.3
1076389200000,4
1076475600000,0.5
1076562000000,2.9
1076648400000,0
1076734800000,14
1076821200000,3.2
1076907600000,0
1076994000000,5
1077080400000,0
1077166800000,6.7
1077253200000,0
1077339600000,44.1
1077426000000,10.5
1077512400000,0.7
1077598800000,0.9
1077685200000,0.1
1077771600000,0.3
1077858000000,4.9
1077944400000,1.2
1078030800000,0
1078117200000,3
1078203600000,33.2
1078290000000,0.8
1078376400000,0.2
1078462800000,0
1078549200000,0
1078635600000,0.3
1078722000000,0
1078808400000,0
1078894800000,2.2
1078981200000,0.1
1079067600000,25.4
1079154000000,2.6
1079240400000,0
1079326800000,20.3
1079413200000,8.1
1079499600000,5.8
1079586000000,1.6
1079672400000,0.1
1079758800000,0
1079845200000,0.4
1079931600000,0.1
1080018000000,0
1080104400000,0
1080190800000,0
1080277200000,0
1080363600000,0
1080450000000,0
1080536400000,0
1080622800000,0
1080709200000,0
1080795600000,0.3
1080882000000,0.1
1080968400000,0
1081054800000,0.3
1081137600000,0.7
1081224000000,59.5
1081310400000,20.6
1081396800000,9.6
1081483200000,0.1
1081569600000,0.7
1081656000000,15.7
1081742400000,0.7
1081828800000,0.1
1081915200000,0
1082001600000,2.2
1082088000000,0.5
1082174400000,0
1082260800000,26.7
1082347200000,0.3
1082433600000,0.4
1082520000000,6.8
1082606400000,20.2
1082692800000,1
1082779200000,5.8
1082865600000,0.4
1082952000000,0
1083038400000,0.2
1083124800000,1
1083211200000,0.4
1083297600000,0
1083384000000,0
1083470400000,0.2
1083556800000,3.1
1083643200000,0
1083729600000,0
1083816000000,0
1083902400000,0
1083988800000,0
1084075200000,0
1084161600000,0
1084248000000,0
1084334400000,0
1084420800000,0
1084507200000,0
1084593600000,0
1084680000000,0
1084766400000,0
1084852800000,0
1084939200000,0
1085025600000,0
1085112000000,0
1085198400000,0
1085284800000,0
1085371200000,0
1085457600000,0
1085544000000,0
1085630400000,0
1085716800000,0
1085803200000,0
1085889600000,0
1085976000000,0
1086062400000,0
1086148800000,0
1086235200000,0
1086321600000,0
1086408000000,0
1086494400000,0
1086580800000,0
1086667200000,0
1086753600000,0
1086840000000,0
1086926400000,0
1087012800000,0
1087099200000,0
1087185600000,0
1087272000000,0
1087358400000,0
1087444800000,0
1087531200000,0
1087617600000,0
1087704000000,0
1087790400000,0
1087876800000,0
1087963200000,0
1088049600000,0
1088136000000,2.1
1088222400000,0.1
1088308800000,0
1088395200000,5.1
1088481600000,4.9
1088568000000,0.2
1088654400000,0
1088740800000,0
1088827200000,0
1088913600000,0
1089000000000,0
1089086400000,0
1089172800000,0
1089259200000,0
1089345600000,0
1089432000000,0
1089518400000,0
1089604800000,0
1089691200000,0
1089777600000,0
1089864000000,0
1089950400000,0
1090036800000,0
1090123200000,0
1090209600000,0
1090296000000,0
1090382400000,0
1090468800000,0
1090555200000,0
1090641600000,0
1090728000000,0
1090814400000,0
1090900800000,0
1090987200000,0
1091073600000,0
1091160000000,0
1091246400000,0.1
1096603200000,0
1096689600000,0
1096776000000,0
1096862400000,0
1096948800000,0
1097035200000,0
1097121600000,0
1097208000000,0
1097294400000,0
1097380800000,0
1097467200000,0
1097553600000,0
1097640000000,0
1097726400000,0.1
1097812800000,1.1
1097899200000,0
1097985600000,0.4
1098072000000,0.8
1098158400000,0.1
1098244800000,0
1098331200000,0
1098417600000,0
1098504000000,0
1098590400000,0
1098676800000,0
1098763200000,0
1098849600000,1.7
1098936000000,0
1099022400000,0
1099108800000,2.9
1099195200000,1.2
1099285200000,0
1099371600000,0
1099458000000,0
1099544400000,4
1099630800000,0
1099717200000,3.8
1099803600000,0
1099890000000,0.6
1099976400000,0.1
1100062800000,0
1100149200000,0.3
1100235600000,0
1100322000000,0
1100408400000,0
1100494800000,0
1100581200000,0
1100667600000,0
1100754000000,0
1100840400000,0
1100926800000,0
1101013200000,0
1101099600000,0
1101186000000,0
1101272400000,0
1101358800000,0
1101445200000,0
1101531600000,33.3
1101618000000,0.3
1101704400000,7
1101790800000,0.5
1101877200000,1.2
1101963600000,1.3
1102050000000,0.8
1102136400000,0.7
1102222800000,1
1102309200000,1.2
1102395600000,0.5
1102482000000,0.4
1102568400000,0.4
1102654800000,0.3
1102741200000,0.3
1102827600000,0.2
1102914000000,0.2
1103000400000,0.2
1103086800000,0.1
1103173200000,0.2
1103259600000,0.2
1103346000000,0.1
1103432400000,0.2
1103518800000,0.2
1103605200000,0.2
1103691600000,0.2
1103778000000,0.2
1103864400000,0.1
1103950800000,0.2
1104037200000,0.5
1104123600000,2.1
1104210000000,1.5
1104296400000,1.1
1104382800000,1
1104469200000,0.8
1104555600000,0.8
1104642000000,0.7
1104728400000,0.5
1104814800000,0.4
1104901200000,0.5
1104987600000,0.5
1105074000000,0.4
1105160400000,0.3
1105246800000,0.3
1105333200000,0.3
1105419600000,0.3
1105506000000,0.2
1105592400000,0.2
1105678800000,0.2
1105765200000,0.2
1105851600000,0.2
1105938000000,0.3
1106024400000,0.3
1106110800000,0.3
1106197200000,0.3
1106283600000,0.3
1106370000000,0.3
1106456400000,0.3
1106542800000,0.2
1106629200000,0.2
1106715600000,0.2
1106802000000,0.2
1106888400000,0.1
1106974800000,0.2
1107061200000,0.1
1107147600000,0
1107234000000,0.1
1107320400000,0.1
1107406800000,0.1
1107493200000,0.1
1107579600000,0
1107666000000,0.1
1107752400000,0.1
1107838800000,0.1
1107925200000,0.1
1108011600000,0.1
1108098000000,0
1108184400000,0.1
1108270800000,0.1
1108357200000,0.1
1108443600000,0
1108530000000,0.1
1108616400000,0
1108702800000,0
1108789200000,0
1108875600000,0.1
1108962000000,0
1109048400000,0
1109134800000,0.1
1109221200000,0
1109307600000,0.1
1109394000000,0
1109480400000,0.1
1109566800000,0
1109653200000,0.1
1109739600000,0
1109826000000,0
1109912400000,0.1
1109998800000,0
1110085200000,0
1110171600000,0.1
1110258000000,0
1110344400000,0.1
1110430800000,0
1110517200000,0
1110603600000,0
1110690000000,0
1110776400000,0
1110862800000,0.1
1110949200000,0
1111035600000,0
1111122000000,0
1111208400000,0
1111294800000,0
1111381200000,0
1111467600000,0
1111554000000,0
1111640400000,0.1
1111726800000,0
1111813200000,0
1111899600000,0
1111986000000,0
1112072400000,0
1112158800000,0.1
1112245200000,0
1112331600000,0
1112418000000,0.1
1112504400000,0
1112587200000,0
1112673600000,0
1112760000000,0
1112846400000,0
1112932800000,0
1113019200000,0
1113105600000,0
1113192000000,0
1113278400000,0.1
1113364800000,0
1113451200000,0
1113537600000,0
1113624000000,0
1113710400000,0
1113796800000,0
1113883200000,0
1113969600000,0.1
1114056000000,0
1114142400000,0
1114228800000,0
1114315200000,0
1114401600000,0.1
1114488000000,0
1114574400000,0
1114660800000,0
1114747200000,0
1114833600000,0
1114920000000,0
1115006400000,0
1115092800000,0
1115179200000,0
1115265600000,0
1115352000000,0
1115438400000,0
1115524800000,0
1115611200000,0
1115697600000,0
1115784000000,0
1115870400000,0
1115956800000,0
1116043200000,0
1116129600000,0
1116216000000,0
1116302400000,0
1116388800000,0
1116475200000,0
1116561600000,0
1116648000000,0
1116734400000,0
1116820800000,0
1116907200000,0
1116993600000,0
1117080000000,0
1117166400000,0
1117252800000,0
1117339200000,0
1117425600000,0
1117512000000,0
1117598400000,0
1117684800000,0
1117771200000,0
1117857600000,0
1117944000000,0
1118030400000,0
1118116800000,0
1118203200000,0
1118289600000,0
1118376000000,0
1118462400000,0
1118548800000,0
1118635200000,0
1118721600000,0.6
1118808000000,0
1118894400000,0
1118980800000,0
1119067200000,0
1119153600000,0
1119240000000,0
1119326400000,0
1119412800000,0
1119499200000,0
1119585600000,0
1119672000000,0
1119758400000,0
1119844800000,0
1119931200000,0
1120017600000,0.1
1120104000000,0
1120190400000,0
1120276800000,0
1120363200000,0
1120449600000,0
1120536000000,0
1120622400000,0
1120708800000,0
1120795200000,0
1120881600000,0
1120968000000,0.3
1121054400000,0.2
1121140800000,0
1121227200000,0
1121313600000,0
1121400000000,0
1121486400000,0
1121572800000,0
1121659200000,0
1121745600000,0
1121832000000,0
1121918400000,0
1122004800000,0
1122091200000,0
1122177600000,0
1122264000000,0
1122350400000,0
1122436800000,0
1122523200000,0
1122609600000,0
1122696000000,0
1122782400000,0
1122868800000,0
1122955200000,0
1123041600000,0
1123128000000,0
1123214400000,0
1123300800000,0
1123387200000,0.1
1123473600000,0
1123560000000,0
1123646400000,0
1123732800000,0
1123819200000,0
1123905600000,0
1123992000000,0
1124078400000,0
1124164800000,0
1124251200000,0
1124337600000,0
1124424000000,0
1124510400000,0
1124596800000,0
1124683200000,0
1124769600000,0
1124856000000,0
1124942400000,0
1125028800000,0
1125115200000,0
1125201600000,0
1125288000000,0
1125374400000,0.2
1125460800000,0
1125547200000,0
1125633600000,0
1125720000000,0
1125806400000,0
1125892800000,0
1125979200000,0
1126065600000,0
1126152000000,0
1126238400000,0
1126324800000,0
1126411200000,0
1126497600000,0
1126584000000,0
1126670400000,0
1126756800000,0
1126843200000,0
1126929600000,0
1127016000000,0
1127102400000,0
1127188800000,0
1127275200000,0
1127361600000,0
1127448000000,0.1
1127534400000,0
1127620800000,0
1127707200000,0
1127793600000,0
1127880000000,0
1127966400000,0
1128052800000,0
1128139200000,0
1128225600000,0
1128312000000,0
1128398400000,0
1128484800000,0
1128571200000,0
1128657600000,0
1128744000000,0
1128830400000,0
1128916800000,0
1129003200000,0
1129089600000,0
1129176000000,0
1129262400000,0
1129348800000,0
1129435200000,0
1129521600000,0
1129608000000,0
1129694400000,0
1129780800000,0
1129867200000,0
1129953600000,0
1130040000000,0
1130126400000,0
1130212800000,0
1130299200000,0
1130385600000,0
1130472000000,0
1130558400000,0
1130644800000,0
1130734800000,0
1130821200000,0
1130907600000,0
1130994000000,0
1131080400000,0
1131166800000,0
1131253200000,0.1
1131339600000,0
1131426000000,0
1131512400000,0
1131598800000,0
1131685200000,0
1131771600000,0
1131858000000,0
1131944400000,0
1132030800000,0
1132117200000,0
1132203600000,0
1132290000000,0
1132376400000,0
1132462800000,0.9
1132549200000,0.2
1132635600000,0
1132722000000,0
1132808400000,0
1132894800000,0
1132981200000,0
1133067600000,0
1133154000000,0
1133240400000,0
1133326800000,0
1133413200000,0
1133499600000,0
1133586000000,0
1133672400000,0
1133758800000,0
1133845200000,0
1133931600000,0
1134018000000,0
1134104400000,0
1134190800000,0
1134277200000,0.3
1134363600000,0.1
1134450000000,0
1134536400000,0.2
1134622800000,0.1
1134709200000,0.1
1134795600000,0
1134882000000,0
1134968400000,0.1
1135054800000,0.2
1135141200000,0.1
1135227600000,0.2
1135314000000,0.1
1135400400000,0
1135486800000,0
1135573200000,0
1135659600000,0.1
1135746000000,0
1135832400000,0.1
1135918800000,0
1136005200000,3.3
1136091600000,0
1136178000000,0
1136264400000,0
1136350800000,0
1136437200000,0
1136523600000,0.6
1136610000000,0
1136696400000,0
1136782800000,0
1136869200000,0
1136955600000,13.5
1137042000000,6.8
1137128400000,3
1137214800000,0
1137301200000,1.5
1137387600000,23
1137474000000,25.9
1137560400000,16.4
1137646800000,1
1137733200000,0
1137819600000,0
1137906000000,0.2
1137992400000,7.9
1138078800000,20.3
1138165200000,15.4
1138251600000,0
1138338000000,0
1138424400000,0
1138510800000,9.7
1138597200000,1.5
1138683600000,7.8
1138770000000,10.5
1138856400000,19
1138942800000,0.5
1139029200000,1.6
1139115600000,0.2
1139202000000,0
1139288400000,0
1139374800000,0.2
1139461200000,0.9
1139547600000,0
1139634000000,0
1139720400000,0
1139806800000,3.1
1139893200000,10.9
1139979600000,1.5
1140066000000,26.7
1140152400000,0.9
1140238800000,1.1
1140325200000,3.9
1140411600000,5.4
1140498000000,0
1140584400000,4
1140670800000,2.3
1140757200000,2.1
1140843600000,0
1140930000000,2.5
1141016400000,15.2
1141102800000,4.7
1141189200000,2.1
1141275600000,0
1141362000000,2.4
1141448400000,2.7
1141534800000,17
1141621200000,0.1
1141707600000,0.9
1141794000000,0.6
1141880400000,7.3
1141966800000,5.8
1142053200000,32.2
1142139600000,0.7
1142226000000,0
1142312400000,0.1
1142398800000,0.1
1142485200000,0
1142571600000,0
1142658000000,0
1142744400000,0
1142830800000,0
1142917200000,0
1143003600000,0
1143090000000,0
1143176400000,0
1143262800000,0
1143349200000,0
1143435600000,0.2
1143522000000,0.1
1143608400000,0.1
1143694800000,0
1143781200000,0.1
1143867600000,0
1143954000000,0
1144036800000,0
1144123200000,0
1144209600000,0.1
1144296000000,0
1144382400000,0
1144468800000,0
1144555200000,0.1
1144641600000,18.7
1144728000000,17.7
1144814400000,7.5
1144900800000,1.1
1144987200000,0.1
1145073600000,0.1
1145160000000,0.1
1145246400000,0.2
1145332800000,2.7
1145419200000,0.1
1145505600000,0
1145592000000,0.1
1145678400000,0.9
1145764800000,0.2
1145851200000,0
1145937600000,0
1146024000000,0
1146110400000,0
1146196800000,0
1146283200000,0
1146369600000,0
1146456000000,0
1146542400000,0
1146628800000,0
1146715200000,0.1
1146801600000,0
1146888000000,0
1146974400000,0
1147060800000,0
1147147200000,0
1147233600000,0
1147320000000,0
1147406400000,0
1147492800000,0
1147579200000,0
1147665600000,0
1147752000000,0
1147838400000,0
1147924800000,0
1148011200000,0
1148097600000,3
1148184000000,0.1
1148270400000,0.1
1148356800000,0
1148443200000,9.5
1148529600000,13.5
1148616000000,6
1148702400000,1
1148788800000,0.2
1148875200000,0.1
1148961600000,0.1
1149048000000,0.1
1149134400000,0.1
1149220800000,0.2
1149307200000,0.1
1149393600000,0.1
1149480000000,0.1
1149566400000,0
1149652800000,0.1
1149739200000,0
1149825600000,0
1149912000000,0
1149998400000,0
1150084800000,0
1150171200000,0
1150257600000,0
1150344000000,0
1150430400000,0
1150516800000,0
1150603200000,0
1150689600000,0
1150776000000,0
1150862400000,0
1150948800000,0
1151035200000,0
1151121600000,0
1151208000000,0
1151294400000,0
1151380800000,0
1151467200000,0
1151553600000,0
1151640000000,0
1151726400000,0
1151812800000,0
1151899200000,0
1151985600000,0
1152072000000,0
1152158400000,0
1152244800000,0
1152331200000,0.2
1152417600000,0
1152504000000,0
1152590400000,0
1152676800000,0
1152763200000,0
1152849600000,0
1152936000000,0
1153022400000,0
1153108800000,4
1153195200000,0.6
1153281600000,0
1153368000000,0
1153454400000,0
1153540800000,0
1153627200000,0.2
1153713600000,0
1153800000000,0
1153886400000,0
1153972800000,0
1154059200000,0
1154145600000,4.4
1154232000000,0
1154318400000,0.9
1154404800000,0
1154491200000,0.1
1154577600000,0
1154664000000,0
1154750400000,0
1154836800000,0.1
1154923200000,0
1155009600000,0
1155096000000,0
1155182400000,0
1155268800000,0
1155355200000,0.9
1155441600000,0
1155528000000,0
1155614400000,0
1155700800000,0
1155787200000,0
1155873600000,0
1155960000000,0
1156046400000,0
1156132800000,0
1156219200000,0
1156305600000,0
1156392000000,0
1156478400000,0
1156564800000,0.1
1156651200000,0
1156737600000,0
1156824000000,0.1
1156910400000,0
1156996800000,0
1157083200000,0
1157169600000,0
1157256000000,0
1157342400000,0
1157428800000,0
1157515200000,0
1157601600000,0
1157688000000,0
1157774400000,0
1157860800000,0
1157947200000,0
1158033600000,0
1158120000000,0
1158206400000,0
1158292800000,0
1158379200000,0
1158465600000,0
1158552000000,0
1158638400000,0
1158724800000,0
1158811200000,0
1158897600000,0.1
1158984000000,0
1159070400000,0
1159156800000,0
1159243200000,0
1159329600000,0
1159416000000,0
1159502400000,4.5
1159588800000,1.6
1159675200000,0
1159761600000,0
1159848000000,0
1159934400000,0
1160020800000,0
1160107200000,0
1160193600000,0
1160280000000,0
1160366400000,0
1160452800000,0.4
1160539200000,1
1160625600000,2.7
1160712000000,1
1160798400000,0
1160884800000,0
1160971200000,0.5
1161057600000,0.1
1161144000000,0
1161230400000,0
1161316800000,0
1161403200000,0
1161489600000,0
1161576000000,0
1161662400000,0
1161748800000,0
1161835200000,0
1161921600000,0.1
1162008000000,1.5
1162094400000,0
1162184400000,0
1162270800000,0
1162357200000,1.2
1162443600000,3.1
1162530000000,0
1162616400000,0
1162702800000,0.6
1162789200000,0
1162875600000,0.1
1162962000000,0
1163048400000,0
1163134800000,0
1163221200000,0.1
1163307600000,0
1163394000000,0
1163480400000,0
1163566800000,0
1163653200000,0
1163739600000,4.1
1163826000000,0
1163912400000,0
1163998800000,0
1164085200000,0
1164171600000,0
1164258000000,0
1164344400000,0
1164430800000,0
1164517200000,0
1164603600000,0
1164690000000,5.9
1164776400000,1.8
1164862800000,1.8
1164949200000,27
1165035600000,37.4
1165122000000,5.3
1165208400000,10.8
1165294800000,0.1
1165381200000,0.8
1165467600000,2.2
1165554000000,0.3
1165640400000,6.9
1165726800000,7.4
1165813200000,13.7
1165899600000,1.6
1165986000000,3.3
1166072400000,5.3
1166158800000,11.6
1166245200000,0.2
1166331600000,0.4
1166418000000,21
1166504400000,17.8
1166590800000,30.4
1166677200000,1.6
1166763600000,16.7
1166850000000,24.7
1166936400000,7.4
1167022800000,16.8
1167109200000,31.4
1167195600000,10
1167282000000,1.1
1167368400000,2.1
1167454800000,10.5
1167541200000,0.5
1369195200000,0
1369281600000,2.7
1369368000000,2
1369454400000,5
1369540800000,0
1369627200000,0
1369713600000,0
1369800000000,0
1369886400000,0
1369972800000,0.1
1370059200000,0.2
1370145600000,3
1370232000000,1
1370318400000,2
1370404800000,2
1370491200000,3
1370577600000,0.1
1370664000000,2
1370750400000,0.1
1370836800000,2
1370923200000,0.1
1371009600000,1
1371096000000,1
1371182400000,1
1371268800000,0.1
1371355200000,0.1
1371441600000,0
1371528000000,0
1371614400000,0.1
1371700800000,2
1371787200000,2
1371873600000,0
1371960000000,0.1
1372046400000,0
1372132800000,2
1372219200000,1
1372305600000,1
1372392000000,1
1372478400000,1
1372564800000,0.1
1372651200000,0.1
1372737600000,0.1
1372824000000,0
1372910400000,0
1372996800000,0
1373083200000,0.2
1373169600000,0.1
1373256000000,0.2
1373342400000,0.1
1373428800000,0.1
1373515200000,0.1
1373601600000,0.1
1373688000000,0.1
1373774400000,0.1
1373860800000,0.2
1373947200000,0.1
1374033600000,0.1
1374120000000,0.2
1374206400000,0.2
1374292800000,0
1374379200000,0.1
1374465600000,0
1374552000000,0.1
1374638400000,0
1374724800000,0.1
1374811200000,0.1
1374897600000,0
1374984000000,0.1
1375070400000,0.2
1375156800000,0.1
1375243200000,0.1
1375329600000,0
1375416000000,0.1
1375502400000,0
1375588800000,0
1375675200000,0
1375761600000,0.1
1375848000000,0.1
1375934400000,0.2
1376020800000,0.1
1376366400000,6
1376452800000,0.2
1376539200000,0.2
1376625600000,0.2
1376712000000,0.2
1376798400000,0.1
1376884800000,0.1
1376971200000,0.1
1377489600000,14
1377576000000,0
1377662400000,0.1
1377748800000,0.2
1377835200000,0.4
1378008000000,0.1
1378094400000,0.3
1378180800000,0
1378267200000,0.2
1378353600000,0
1378440000000,0.4
1378526400000,0
1378612800000,0
1378699200000,0.4
1378785600000,0.1
1378872000000,0
1378958400000,0
1379044800000,0.1
1379131200000,0
1379217600000,0
1379304000000,0.1
1379390400000,0.1
1379476800000,0.1
1379563200000,0.1
1379649600000,0.1
1379736000000,0.1
1379822400000,0
1379908800000,0.4
1379995200000,0
1380081600000,0.1
1380168000000,0.1
1380254400000,0
1380340800000,0
1380427200000,0
1380513600000,0
1380600000000,0.1
1380686400000,3
1380772800000,5
1380859200000,17
1380945600000,25
1381032000000,0
1381118400000,1
1381204800000,0
1381291200000,0.1
1381377600000,2
1381464000000,8
1381550400000,1
1381636800000,0
1381723200000,0
1381809600000,0
1381896000000,0
1381982400000,1
1382068800000,0
1382155200000,0
1382241600000,0
1382328000000,1
1382414400000,1
1382500800000,1
1382587200000,0
1382673600000,0
1382760000000,0
1382846400000,0
1382932800000,0
1383019200000,0
1383105600000,0
1383192000000,0